0 5 pedestrian 0 0 -10 217.80 185.80 246.52 225.83 -10 -10 -10 -100    0 -1000 -1000 -10
0 4 pedestrian 0 0 -10 37.88 191.32 138.18 233.89 -10 -10 -10 -100    0 -1000 -1000 -10
0 3 pedestrian 0 0 -10 1112.35 162.35 1196.17 345.59 -10 -10 -10 -100    0 -1000 -1000 -10
0 2 pedestrian 0 0 -10 740.24 155.86 930.02 375.00 -10 -10 -10 -100    0 -1000 -1000 -10
0 1 pedestrian 0 0 -10 294.78 153.95 456.20 304.93 -10 -10 -10 -100    0 -1000 -1000 -10
1 5 pedestrian 0 0 -10 227.88 182.11 257.79 221.97 -10 -10 -10 -100    0 -1000 -1000 -10
1 4 pedestrian 0 0 -10 56.83 190.45 142.11 233.71 -10 -10 -10 -100    0 -1000 -1000 -10
1 3 pedestrian 0 0 -10 1138.72 156.58 1226.45 346.84 -10 -10 -10 -100    0 -1000 -1000 -10
1 2 pedestrian 0 0 -10 744.24 150.34 936.02 375.00 -10 -10 -10 -100    0 -1000 -1000 -10
1 1 pedestrian 0 0 -10 294.69 152.45 453.22 300.17 -10 -10 -10 -100    0 -1000 -1000 -10
2 5 pedestrian 0 0 -10 236.29 173.59 267.17 214.84 -10 -10 -10 -100    0 -1000 -1000 -10
2 4 pedestrian 0 0 -10 65.95 182.58 151.64 225.30 -10 -10 -10 -100    0 -1000 -1000 -10
2 3 pedestrian 0 0 -10 1159.81 149.62 1239.99 347.93 -10 -10 -10 -100    0 -1000 -1000 -10
2 2 pedestrian 0 0 -10 750.98 143.72 945.48 375.00 -10 -10 -10 -100    0 -1000 -1000 -10
2 1 pedestrian 0 0 -10 292.15 144.83 450.09 291.45 -10 -10 -10 -100    0 -1000 -1000 -10
3 5 pedestrian 0 0 -10 243.65 166.98 274.65 207.01 -10 -10 -10 -100    0 -1000 -1000 -10
3 4 pedestrian 0 0 -10 64.84 170.99 170.38 210.59 -10 -10 -10 -100    0 -1000 -1000 -10
3 3 pedestrian 0 0 -10 1179.09 147.07 1241.92 350.25 -10 -10 -10 -100    0 -1000 -1000 -10
3 2 pedestrian 0 0 -10 760.01 140.16 952.20 375.00 -10 -10 -10 -100    0 -1000 -1000 -10
3 1 pedestrian 0 0 -10 290.92 139.32 447.78 283.30 -10 -10 -10 -100    0 -1000 -1000 -10
4 5 pedestrian 0 0 -10 254.44 167.09 284.18 206.06 -10 -10 -10 -100    0 -1000 -1000 -10
4 4 pedestrian 0 0 -10 61.34 169.65 179.07 210.14 -10 -10 -10 -100    0 -1000 -1000 -10
4 3 pedestrian 0 0 -10 1190.66 139.35 1241.71 348.59 -10 -10 -10 -100    0 -1000 -1000 -10
4 2 pedestrian 0 0 -10 765.29 138.18 965.25 375.00 -10 -10 -10 -100    0 -1000 -1000 -10
4 1 pedestrian 0 0 -10 289.57 139.44 444.53 281.70 -10 -10 -10 -100    0 -1000 -1000 -10
5 5 pedestrian 0 0 -10 261.95 169.10 291.82 207.22 -10 -10 -10 -100    0 -1000 -1000 -10
5 4 pedestrian 0 0 -10 91.88 169.54 192.81 208.65 -10 -10 -10 -100    0 -1000 -1000 -10
5 2 pedestrian 0 0 -10 768.85 139.29 965.53 375.00 -10 -10 -10 -100    0 -1000 -1000 -10
5 1 pedestrian 0 0 -10 288.50 140.99 441.67 281.75 -10 -10 -10 -100    0 -1000 -1000 -10
6 5 pedestrian 0 0 -10 268.41 170.12 299.42 209.13 -10 -10 -10 -100    0 -1000 -1000 -10
6 4 pedestrian 0 0 -10 102.10 170.54 203.90 210.32 -10 -10 -10 -100    0 -1000 -1000 -10
6 2 pedestrian 0 0 -10 767.39 140.79 966.92 375.00 -10 -10 -10 -100    0 -1000 -1000 -10
6 1 pedestrian 0 0 -10 288.15 142.41 438.80 281.22 -10 -10 -10 -100    0 -1000 -1000 -10
7 4 pedestrian 0 0 -10 105.68 171.52 211.58 212.88 -10 -10 -10 -100    0 -1000 -1000 -10
7 2 pedestrian 0 0 -10 765.22 143.39 969.69 375.00 -10 -10 -10 -100    0 -1000 -1000 -10
7 1 pedestrian 0 0 -10 287.35 144.86 436.73 282.34 -10 -10 -10 -100    0 -1000 -1000 -10
8 6 pedestrian 0 0 -10 396.55 163.05 482.96 212.27 -10 -10 -10 -100    0 -1000 -1000 -10
8 4 pedestrian 0 0 -10 113.91 171.80 216.30 214.85 -10 -10 -10 -100    0 -1000 -1000 -10
8 2 pedestrian 0 0 -10 765.21 146.43 970.78 375.00 -10 -10 -10 -100    0 -1000 -1000 -10
8 1 pedestrian 0 0 -10 285.86 147.70 433.94 283.10 -10 -10 -10 -100    0 -1000 -1000 -10
9 6 pedestrian 0 0 -10 405.22 164.68 489.83 214.62 -10 -10 -10 -100    0 -1000 -1000 -10
9 4 pedestrian 0 0 -10 124.83 170.54 220.43 214.43 -10 -10 -10 -100    0 -1000 -1000 -10
9 2 pedestrian 0 0 -10 763.11 150.98 970.15 375.00 -10 -10 -10 -100    0 -1000 -1000 -10
9 1 pedestrian 0 0 -10 284.45 150.21 430.70 282.38 -10 -10 -10 -100    0 -1000 -1000 -10
10 6 pedestrian 0 0 -10 411.14 168.85 498.91 217.95 -10 -10 -10 -100    0 -1000 -1000 -10
10 4 pedestrian 0 0 -10 131.82 174.71 230.32 218.99 -10 -10 -10 -100    0 -1000 -1000 -10
10 2 pedestrian 0 0 -10 760.60 152.55 968.52 375.00 -10 -10 -10 -100    0 -1000 -1000 -10
10 1 pedestrian 0 0 -10 283.13 154.27 427.99 285.43 -10 -10 -10 -100    0 -1000 -1000 -10
11 6 pedestrian 0 0 -10 417.36 169.00 506.61 219.65 -10 -10 -10 -100    0 -1000 -1000 -10
11 4 pedestrian 0 0 -10 138.76 175.75 239.96 221.70 -10 -10 -10 -100    0 -1000 -1000 -10
11 2 pedestrian 0 0 -10 761.00 153.45 962.32 375.00 -10 -10 -10 -100    0 -1000 -1000 -10
11 1 pedestrian 0 0 -10 282.05 155.81 426.74 285.79 -10 -10 -10 -100    0 -1000 -1000 -10
12 6 pedestrian 0 0 -10 424.72 165.82 514.39 216.75 -10 -10 -10 -100    0 -1000 -1000 -10
12 4 pedestrian 0 0 -10 146.85 174.63 248.86 221.70 -10 -10 -10 -100    0 -1000 -1000 -10
12 2 pedestrian 0 0 -10 756.47 152.52 957.10 375.00 -10 -10 -10 -100    0 -1000 -1000 -10
12 1 pedestrian 0 0 -10 280.78 155.68 422.78 282.25 -10 -10 -10 -100    0 -1000 -1000 -10
13 6 pedestrian 0 0 -10 431.93 164.56 520.98 216.24 -10 -10 -10 -100    0 -1000 -1000 -10
13 4 pedestrian 0 0 -10 151.82 172.82 254.92 219.07 -10 -10 -10 -100    0 -1000 -1000 -10
13 2 pedestrian 0 0 -10 754.55 154.35 955.31 375.00 -10 -10 -10 -100    0 -1000 -1000 -10
13 1 pedestrian 0 0 -10 279.66 154.98 420.77 278.79 -10 -10 -10 -100    0 -1000 -1000 -10
14 6 pedestrian 0 0 -10 438.74 165.14 528.59 217.16 -10 -10 -10 -100    0 -1000 -1000 -10
14 4 pedestrian 0 0 -10 163.16 173.59 266.13 220.35 -10 -10 -10 -100    0 -1000 -1000 -10
14 2 pedestrian 0 0 -10 752.87 157.41 950.19 375.00 -10 -10 -10 -100    0 -1000 -1000 -10
14 1 pedestrian 0 0 -10 279.20 155.95 418.70 279.15 -10 -10 -10 -100    0 -1000 -1000 -10
15 6 pedestrian 0 0 -10 446.65 165.31 537.22 218.00 -10 -10 -10 -100    0 -1000 -1000 -10
15 4 pedestrian 0 0 -10 170.08 174.61 272.78 221.55 -10 -10 -10 -100    0 -1000 -1000 -10
15 2 pedestrian 0 0 -10 749.61 159.91 945.39 375.00 -10 -10 -10 -100    0 -1000 -1000 -10
15 1 pedestrian 0 0 -10 279.62 156.62 418.05 278.49 -10 -10 -10 -100    0 -1000 -1000 -10
16 6 pedestrian 0 0 -10 454.18 163.15 544.82 214.57 -10 -10 -10 -100    0 -1000 -1000 -10
16 4 pedestrian 0 0 -10 180.14 172.19 278.07 217.70 -10 -10 -10 -100    0 -1000 -1000 -10
16 2 pedestrian 0 0 -10 742.90 162.82 936.89 375.00 -10 -10 -10 -100    0 -1000 -1000 -10
16 1 pedestrian 0 0 -10 278.89 152.35 416.32 274.99 -10 -10 -10 -100    0 -1000 -1000 -10
17 6 pedestrian 0 0 -10 462.71 165.62 552.09 219.06 -10 -10 -10 -100    0 -1000 -1000 -10
17 4 pedestrian 0 0 -10 184.22 174.77 283.48 219.74 -10 -10 -10 -100    0 -1000 -1000 -10
17 2 pedestrian 0 0 -10 738.96 169.21 930.69 375.00 -10 -10 -10 -100    0 -1000 -1000 -10
17 1 pedestrian 0 0 -10 278.97 156.37 413.03 276.64 -10 -10 -10 -100    0 -1000 -1000 -10
18 6 pedestrian 0 0 -10 469.28 171.81 559.93 224.84 -10 -10 -10 -100    0 -1000 -1000 -10
18 4 pedestrian 0 0 -10 196.63 181.95 292.14 225.67 -10 -10 -10 -100    0 -1000 -1000 -10
18 2 pedestrian 0 0 -10 732.14 176.18 925.23 375.00 -10 -10 -10 -100    0 -1000 -1000 -10
18 1 pedestrian 0 0 -10 279.88 163.44 412.35 281.68 -10 -10 -10 -100    0 -1000 -1000 -10
19 6 pedestrian 0 0 -10 478.51 177.31 567.40 230.25 -10 -10 -10 -100    0 -1000 -1000 -10
19 4 pedestrian 0 0 -10 203.92 188.88 295.44 232.90 -10 -10 -10 -100    0 -1000 -1000 -10
19 2 pedestrian 0 0 -10 726.48 181.61 915.58 375.00 -10 -10 -10 -100    0 -1000 -1000 -10
19 1 pedestrian 0 0 -10 282.22 168.68 412.04 288.86 -10 -10 -10 -100    0 -1000 -1000 -10
20 6 pedestrian 0 0 -10 486.20 180.43 577.75 234.90 -10 -10 -10 -100    0 -1000 -1000 -10
20 4 pedestrian 0 0 -10 215.22 194.96 301.22 238.24 -10 -10 -10 -100    0 -1000 -1000 -10
20 2 pedestrian 0 0 -10 723.47 185.38 908.29 375.00 -10 -10 -10 -100    0 -1000 -1000 -10
20 1 pedestrian 0 0 -10 284.10 174.45 411.47 292.12 -10 -10 -10 -100    0 -1000 -1000 -10
21 6 pedestrian 0 0 -10 495.33 179.74 586.27 233.90 -10 -10 -10 -100    0 -1000 -1000 -10
21 4 pedestrian 0 0 -10 221.52 194.87 304.90 237.43 -10 -10 -10 -100    0 -1000 -1000 -10
21 2 pedestrian 0 0 -10 712.08 180.34 900.42 375.00 -10 -10 -10 -100    0 -1000 -1000 -10
21 1 pedestrian 0 0 -10 288.96 173.98 410.50 290.99 -10 -10 -10 -100    0 -1000 -1000 -10
22 6 pedestrian 0 0 -10 500.92 176.41 594.35 231.10 -10 -10 -10 -100    0 -1000 -1000 -10
22 4 pedestrian 0 0 -10 235.63 189.26 308.79 233.76 -10 -10 -10 -100    0 -1000 -1000 -10
22 2 pedestrian 0 0 -10 704.55 174.46 891.67 375.00 -10 -10 -10 -100    0 -1000 -1000 -10
22 1 pedestrian 0 0 -10 291.42 169.79 412.13 285.08 -10 -10 -10 -100    0 -1000 -1000 -10
23 6 pedestrian 0 0 -10 509.45 172.97 605.03 228.48 -10 -10 -10 -100    0 -1000 -1000 -10
23 4 pedestrian 0 0 -10 242.99 185.85 310.42 227.13 -10 -10 -10 -100    0 -1000 -1000 -10
23 2 pedestrian 0 0 -10 695.57 174.82 884.62 375.00 -10 -10 -10 -100    0 -1000 -1000 -10
23 1 pedestrian 0 0 -10 296.19 165.86 412.14 279.87 -10 -10 -10 -100    0 -1000 -1000 -10
24 6 pedestrian 0 0 -10 517.95 172.96 613.90 229.18 -10 -10 -10 -100    0 -1000 -1000 -10
24 4 pedestrian 0 0 -10 251.49 185.49 309.90 227.75 -10 -10 -10 -100    0 -1000 -1000 -10
24 2 pedestrian 0 0 -10 682.34 177.29 871.16 375.00 -10 -10 -10 -100    0 -1000 -1000 -10
24 1 pedestrian 0 0 -10 300.68 165.10 412.37 278.73 -10 -10 -10 -100    0 -1000 -1000 -10
25 6 pedestrian 0 0 -10 525.26 173.32 622.03 230.36 -10 -10 -10 -100    0 -1000 -1000 -10
25 4 pedestrian 0 0 -10 259.12 185.43 307.95 226.82 -10 -10 -10 -100    0 -1000 -1000 -10
25 2 pedestrian 0 0 -10 674.24 173.10 858.50 375.00 -10 -10 -10 -100    0 -1000 -1000 -10
25 1 pedestrian 0 0 -10 307.28 164.25 412.93 276.17 -10 -10 -10 -100    0 -1000 -1000 -10
26 7 pedestrian 0 0 -10 430.16 164.03 463.28 222.73 -10 -10 -10 -100    0 -1000 -1000 -10
26 6 pedestrian 0 0 -10 535.04 166.89 630.38 224.20 -10 -10 -10 -100    0 -1000 -1000 -10
26 4 pedestrian 0 0 -10 271.01 176.51 310.60 218.04 -10 -10 -10 -100    0 -1000 -1000 -10
26 2 pedestrian 0 0 -10 669.13 169.46 847.32 375.00 -10 -10 -10 -100    0 -1000 -1000 -10
26 1 pedestrian 0 0 -10 313.82 156.80 414.53 267.46 -10 -10 -10 -100    0 -1000 -1000 -10
27 7 pedestrian 0 0 -10 439.89 158.69 472.88 216.47 -10 -10 -10 -100    0 -1000 -1000 -10
27 6 pedestrian 0 0 -10 544.10 161.96 640.37 220.27 -10 -10 -10 -100    0 -1000 -1000 -10
27 4 pedestrian 0 0 -10 277.21 171.36 315.93 213.84 -10 -10 -10 -100    0 -1000 -1000 -10
27 2 pedestrian 0 0 -10 662.75 168.81 834.82 375.00 -10 -10 -10 -100    0 -1000 -1000 -10
27 1 pedestrian 0 0 -10 321.14 151.09 417.50 260.93 -10 -10 -10 -100    0 -1000 -1000 -10
28 7 pedestrian 0 0 -10 447.80 161.43 479.94 214.51 -10 -10 -10 -100    0 -1000 -1000 -10
28 6 pedestrian 0 0 -10 551.54 159.21 649.80 217.30 -10 -10 -10 -100    0 -1000 -1000 -10
28 4 pedestrian 0 0 -10 285.25 171.60 324.49 214.64 -10 -10 -10 -100    0 -1000 -1000 -10
28 2 pedestrian 0 0 -10 652.87 166.05 819.89 375.00 -10 -10 -10 -100    0 -1000 -1000 -10
28 1 pedestrian 0 0 -10 328.26 151.11 419.38 260.33 -10 -10 -10 -100    0 -1000 -1000 -10
29 7 pedestrian 0 0 -10 458.53 164.61 484.23 213.25 -10 -10 -10 -100    0 -1000 -1000 -10
29 6 pedestrian 0 0 -10 559.68 157.05 658.56 215.69 -10 -10 -10 -100    0 -1000 -1000 -10
29 4 pedestrian 0 0 -10 292.20 173.90 332.58 216.16 -10 -10 -10 -100    0 -1000 -1000 -10
29 2 pedestrian 0 0 -10 646.54 161.85 809.55 375.00 -10 -10 -10 -100    0 -1000 -1000 -10
29 1 pedestrian 0 0 -10 334.69 154.11 422.36 261.96 -10 -10 -10 -100    0 -1000 -1000 -10
30 7 pedestrian 0 0 -10 468.80 167.70 492.72 213.19 -10 -10 -10 -100    0 -1000 -1000 -10
30 6 pedestrian 0 0 -10 567.39 153.30 667.39 213.71 -10 -10 -10 -100    0 -1000 -1000 -10
30 4 pedestrian 0 0 -10 300.22 175.59 339.09 218.63 -10 -10 -10 -100    0 -1000 -1000 -10
30 2 pedestrian 0 0 -10 634.99 162.76 793.39 375.00 -10 -10 -10 -100    0 -1000 -1000 -10
30 1 pedestrian 0 0 -10 339.05 155.94 426.34 262.26 -10 -10 -10 -100    0 -1000 -1000 -10
31 7 pedestrian 0 0 -10 478.03 168.59 501.15 214.95 -10 -10 -10 -100    0 -1000 -1000 -10
31 6 pedestrian 0 0 -10 576.11 152.45 679.28 213.46 -10 -10 -10 -100    0 -1000 -1000 -10
31 4 pedestrian 0 0 -10 307.00 174.33 345.35 218.46 -10 -10 -10 -100    0 -1000 -1000 -10
31 2 pedestrian 0 0 -10 625.53 161.22 780.82 372.11 -10 -10 -10 -100    0 -1000 -1000 -10
31 1 pedestrian 0 0 -10 344.49 156.00 431.33 260.52 -10 -10 -10 -100    0 -1000 -1000 -10
32 7 pedestrian 0 0 -10 487.49 169.17 511.31 214.70 -10 -10 -10 -100    0 -1000 -1000 -10
32 6 pedestrian 0 0 -10 587.25 154.36 690.09 215.34 -10 -10 -10 -100    0 -1000 -1000 -10
32 4 pedestrian 0 0 -10 315.03 174.80 354.69 218.63 -10 -10 -10 -100    0 -1000 -1000 -10
32 2 pedestrian 0 0 -10 620.61 159.91 767.31 372.60 -10 -10 -10 -100    0 -1000 -1000 -10
32 1 pedestrian 0 0 -10 350.78 155.09 437.12 258.77 -10 -10 -10 -100    0 -1000 -1000 -10
33 7 pedestrian 0 0 -10 494.19 167.94 518.04 215.04 -10 -10 -10 -100    0 -1000 -1000 -10
33 6 pedestrian 0 0 -10 595.67 153.56 697.38 214.48 -10 -10 -10 -100    0 -1000 -1000 -10
33 4 pedestrian 0 0 -10 321.78 175.66 363.82 219.84 -10 -10 -10 -100    0 -1000 -1000 -10
33 2 pedestrian 0 0 -10 613.89 161.86 751.66 368.96 -10 -10 -10 -100    0 -1000 -1000 -10
33 1 pedestrian 0 0 -10 358.87 156.17 448.07 258.97 -10 -10 -10 -100    0 -1000 -1000 -10
34 7 pedestrian 0 0 -10 503.25 167.83 526.85 212.80 -10 -10 -10 -100    0 -1000 -1000 -10
34 6 pedestrian 0 0 -10 603.94 154.05 707.47 216.62 -10 -10 -10 -100    0 -1000 -1000 -10
34 4 pedestrian 0 0 -10 329.96 175.18 371.57 220.10 -10 -10 -10 -100    0 -1000 -1000 -10
34 2 pedestrian 0 0 -10 603.07 161.48 741.40 368.43 -10 -10 -10 -100    0 -1000 -1000 -10
34 1 pedestrian 0 0 -10 365.36 156.09 460.63 258.55 -10 -10 -10 -100    0 -1000 -1000 -10
35 6 pedestrian 0 0 -10 616.46 152.37 721.60 215.77 -10 -10 -10 -100    0 -1000 -1000 -10
35 4 pedestrian 0 0 -10 335.69 172.97 377.14 218.93 -10 -10 -10 -100    0 -1000 -1000 -10
35 7 pedestrian 0 0 -10 512.64 166.20 536.14 212.66 -10 -10 -10 -100    0 -1000 -1000 -10
35 2 pedestrian 0 0 -10 596.11 159.40 732.45 364.74 -10 -10 -10 -100    0 -1000 -1000 -10
35 1 pedestrian 0 0 -10 373.87 153.96 474.12 255.85 -10 -10 -10 -100    0 -1000 -1000 -10
36 6 pedestrian 0 0 -10 629.43 151.73 732.88 216.39 -10 -10 -10 -100    0 -1000 -1000 -10
36 4 pedestrian 0 0 -10 345.83 168.73 387.97 216.13 -10 -10 -10 -100    0 -1000 -1000 -10
36 7 pedestrian 0 0 -10 521.45 162.28 545.68 209.22 -10 -10 -10 -100    0 -1000 -1000 -10
36 2 pedestrian 0 0 -10 590.11 158.36 723.02 360.85 -10 -10 -10 -100    0 -1000 -1000 -10
36 1 pedestrian 0 0 -10 384.45 150.46 486.27 251.77 -10 -10 -10 -100    0 -1000 -1000 -10
37 6 pedestrian 0 0 -10 640.45 151.97 748.06 218.27 -10 -10 -10 -100    0 -1000 -1000 -10
37 4 pedestrian 0 0 -10 355.82 169.39 398.67 215.25 -10 -10 -10 -100    0 -1000 -1000 -10
37 7 pedestrian 0 0 -10 531.13 163.84 555.25 209.80 -10 -10 -10 -100    0 -1000 -1000 -10
37 2 pedestrian 0 0 -10 583.67 159.98 713.59 362.31 -10 -10 -10 -100    0 -1000 -1000 -10
37 1 pedestrian 0 0 -10 396.53 150.86 500.43 251.73 -10 -10 -10 -100    0 -1000 -1000 -10
38 6 pedestrian 0 0 -10 650.14 153.84 760.01 221.23 -10 -10 -10 -100    0 -1000 -1000 -10
38 4 pedestrian 0 0 -10 364.18 172.41 405.94 217.71 -10 -10 -10 -100    0 -1000 -1000 -10
38 7 pedestrian 0 0 -10 541.57 164.97 566.31 213.11 -10 -10 -10 -100    0 -1000 -1000 -10
38 2 pedestrian 0 0 -10 578.58 160.11 706.85 364.20 -10 -10 -10 -100    0 -1000 -1000 -10
38 1 pedestrian 0 0 -10 407.20 153.35 514.02 253.29 -10 -10 -10 -100    0 -1000 -1000 -10
39 6 pedestrian 0 0 -10 663.01 153.89 776.52 223.36 -10 -10 -10 -100    0 -1000 -1000 -10
39 4 pedestrian 0 0 -10 376.86 172.29 418.37 218.59 -10 -10 -10 -100    0 -1000 -1000 -10
39 7 pedestrian 0 0 -10 549.87 164.05 576.36 213.64 -10 -10 -10 -100    0 -1000 -1000 -10
39 2 pedestrian 0 0 -10 574.83 161.86 699.60 363.99 -10 -10 -10 -100    0 -1000 -1000 -10
39 1 pedestrian 0 0 -10 418.64 153.77 528.71 253.66 -10 -10 -10 -100    0 -1000 -1000 -10
40 6 pedestrian 0 0 -10 675.82 154.37 791.65 223.51 -10 -10 -10 -100    0 -1000 -1000 -10
40 4 pedestrian 0 0 -10 397.76 174.36 438.21 213.88 -10 -10 -10 -100    0 -1000 -1000 -10
40 2 pedestrian 0 0 -10 571.62 161.97 693.02 363.38 -10 -10 -10 -100    0 -1000 -1000 -10
40 1 pedestrian 0 0 -10 434.35 155.29 545.42 254.67 -10 -10 -10 -100    0 -1000 -1000 -10
41 6 pedestrian 0 0 -10 688.88 154.60 808.88 224.35 -10 -10 -10 -100    0 -1000 -1000 -10
41 4 pedestrian 0 0 -10 411.79 176.74 452.94 214.72 -10 -10 -10 -100    0 -1000 -1000 -10
41 2 pedestrian 0 0 -10 568.16 161.49 691.94 365.50 -10 -10 -10 -100    0 -1000 -1000 -10
41 1 pedestrian 0 0 -10 449.29 157.15 561.73 256.14 -10 -10 -10 -100    0 -1000 -1000 -10
42 6 pedestrian 0 0 -10 702.28 156.07 825.86 227.09 -10 -10 -10 -100    0 -1000 -1000 -10
42 4 pedestrian 0 0 -10 422.68 180.03 465.17 219.35 -10 -10 -10 -100    0 -1000 -1000 -10
42 2 pedestrian 0 0 -10 568.33 164.62 691.02 370.79 -10 -10 -10 -100    0 -1000 -1000 -10
42 1 pedestrian 0 0 -10 464.43 160.87 579.29 259.00 -10 -10 -10 -100    0 -1000 -1000 -10
43 6 pedestrian 0 0 -10 717.93 157.53 842.39 230.12 -10 -10 -10 -100    0 -1000 -1000 -10
43 4 pedestrian 0 0 -10 431.90 180.39 475.98 221.25 -10 -10 -10 -100    0 -1000 -1000 -10
43 2 pedestrian 0 0 -10 565.91 167.16 686.69 370.84 -10 -10 -10 -100    0 -1000 -1000 -10
43 1 pedestrian 0 0 -10 480.47 161.58 599.20 258.90 -10 -10 -10 -100    0 -1000 -1000 -10
44 6 pedestrian 0 0 -10 733.64 157.12 860.80 231.71 -10 -10 -10 -100    0 -1000 -1000 -10
44 4 pedestrian 0 0 -10 445.37 179.22 488.59 220.15 -10 -10 -10 -100    0 -1000 -1000 -10
44 2 pedestrian 0 0 -10 567.30 166.76 687.42 371.66 -10 -10 -10 -100    0 -1000 -1000 -10
44 1 pedestrian 0 0 -10 498.93 161.19 612.12 258.61 -10 -10 -10 -100    0 -1000 -1000 -10
45 6 pedestrian 0 0 -10 750.21 156.05 879.32 231.41 -10 -10 -10 -100    0 -1000 -1000 -10
45 4 pedestrian 0 0 -10 459.36 177.52 503.83 219.51 -10 -10 -10 -100    0 -1000 -1000 -10
45 2 pedestrian 0 0 -10 571.44 165.55 690.79 370.95 -10 -10 -10 -100    0 -1000 -1000 -10
45 1 pedestrian 0 0 -10 518.94 159.89 634.50 257.13 -10 -10 -10 -100    0 -1000 -1000 -10
46 6 pedestrian 0 0 -10 767.52 154.73 898.77 231.00 -10 -10 -10 -100    0 -1000 -1000 -10
46 4 pedestrian 0 0 -10 471.77 176.62 516.40 218.27 -10 -10 -10 -100    0 -1000 -1000 -10
46 2 pedestrian 0 0 -10 576.47 163.45 694.46 370.48 -10 -10 -10 -100    0 -1000 -1000 -10
46 1 pedestrian 0 0 -10 538.39 157.29 654.71 256.13 -10 -10 -10 -100    0 -1000 -1000 -10
47 6 pedestrian 0 0 -10 784.90 152.11 921.62 231.30 -10 -10 -10 -100    0 -1000 -1000 -10
47 4 pedestrian 0 0 -10 486.79 177.57 566.81 217.82 -10 -10 -10 -100    0 -1000 -1000 -10
47 2 pedestrian 0 0 -10 583.29 163.82 701.71 371.77 -10 -10 -10 -100    0 -1000 -1000 -10
47 1 pedestrian 0 0 -10 559.81 156.49 676.18 254.27 -10 -10 -10 -100    0 -1000 -1000 -10
48 6 pedestrian 0 0 -10 803.79 150.36 942.16 231.14 -10 -10 -10 -100    0 -1000 -1000 -10
48 4 pedestrian 0 0 -10 501.03 176.77 583.26 217.25 -10 -10 -10 -100    0 -1000 -1000 -10
48 2 pedestrian 0 0 -10 590.45 162.69 706.66 369.69 -10 -10 -10 -100    0 -1000 -1000 -10
48 1 pedestrian 0 0 -10 580.02 154.86 698.03 252.10 -10 -10 -10 -100    0 -1000 -1000 -10
49 6 pedestrian 0 0 -10 821.99 148.83 964.96 231.87 -10 -10 -10 -100    0 -1000 -1000 -10
49 4 pedestrian 0 0 -10 514.94 175.78 597.56 215.87 -10 -10 -10 -100    0 -1000 -1000 -10
49 2 pedestrian 0 0 -10 598.12 163.35 712.74 368.51 -10 -10 -10 -100    0 -1000 -1000 -10
49 1 pedestrian 0 0 -10 600.51 152.85 721.50 250.49 -10 -10 -10 -100    0 -1000 -1000 -10
50 6 pedestrian 0 0 -10 842.65 147.10 990.46 232.76 -10 -10 -10 -100    0 -1000 -1000 -10
50 4 pedestrian 0 0 -10 527.41 175.17 608.91 215.07 -10 -10 -10 -100    0 -1000 -1000 -10
50 2 pedestrian 0 0 -10 606.50 161.33 723.15 369.47 -10 -10 -10 -100    0 -1000 -1000 -10
50 1 pedestrian 0 0 -10 623.81 152.13 742.30 250.25 -10 -10 -10 -100    0 -1000 -1000 -10
51 6 pedestrian 0 0 -10 860.92 144.71 1013.88 233.29 -10 -10 -10 -100    0 -1000 -1000 -10
51 4 pedestrian 0 0 -10 538.29 174.52 621.45 214.81 -10 -10 -10 -100    0 -1000 -1000 -10
51 2 pedestrian 0 0 -10 616.15 158.92 729.55 369.97 -10 -10 -10 -100    0 -1000 -1000 -10
51 1 pedestrian 0 0 -10 645.46 150.74 766.17 251.69 -10 -10 -10 -100    0 -1000 -1000 -10
52 6 pedestrian 0 0 -10 881.38 144.73 1040.18 235.42 -10 -10 -10 -100    0 -1000 -1000 -10
52 4 pedestrian 0 0 -10 552.01 174.18 635.21 215.81 -10 -10 -10 -100    0 -1000 -1000 -10
52 2 pedestrian 0 0 -10 625.51 159.50 741.05 367.97 -10 -10 -10 -100    0 -1000 -1000 -10
52 1 pedestrian 0 0 -10 668.38 149.93 789.02 250.47 -10 -10 -10 -100    0 -1000 -1000 -10
53 6 pedestrian 0 0 -10 901.09 144.67 1060.10 237.14 -10 -10 -10 -100    0 -1000 -1000 -10
53 4 pedestrian 0 0 -10 562.59 173.31 643.99 215.69 -10 -10 -10 -100    0 -1000 -1000 -10
53 2 pedestrian 0 0 -10 638.88 158.77 751.54 366.94 -10 -10 -10 -100    0 -1000 -1000 -10
53 1 pedestrian 0 0 -10 689.28 149.20 812.83 250.11 -10 -10 -10 -100    0 -1000 -1000 -10
54 12 pedestrian 0 0 -10 1078.68 136.47 1189.33 247.01 -10 -10 -10 -100    0 -1000 -1000 -10
54 6 pedestrian 0 0 -10 920.12 143.23 1088.89 239.06 -10 -10 -10 -100    0 -1000 -1000 -10
54 4 pedestrian 0 0 -10 577.24 173.38 658.36 215.32 -10 -10 -10 -100    0 -1000 -1000 -10
54 2 pedestrian 0 0 -10 652.24 158.02 758.98 366.62 -10 -10 -10 -100    0 -1000 -1000 -10
54 1 pedestrian 0 0 -10 710.17 148.81 835.93 249.66 -10 -10 -10 -100    0 -1000 -1000 -10
55 12 pedestrian 0 0 -10 1131.27 133.98 1234.91 250.03 -10 -10 -10 -100    0 -1000 -1000 -10
55 6 pedestrian 0 0 -10 940.04 141.83 1116.58 242.17 -10 -10 -10 -100    0 -1000 -1000 -10
55 4 pedestrian 0 0 -10 587.92 172.92 670.39 215.40 -10 -10 -10 -100    0 -1000 -1000 -10
55 2 pedestrian 0 0 -10 669.31 157.66 772.61 368.21 -10 -10 -10 -100    0 -1000 -1000 -10
55 1 pedestrian 0 0 -10 733.02 148.07 860.79 250.07 -10 -10 -10 -100    0 -1000 -1000 -10
56 12 pedestrian 0 0 -10 1147.17 132.45 1241.75 253.01 -10 -10 -10 -100    0 -1000 -1000 -10
56 6 pedestrian 0 0 -10 961.97 140.91 1141.32 244.30 -10 -10 -10 -100    0 -1000 -1000 -10
56 4 pedestrian 0 0 -10 599.63 172.05 683.86 215.13 -10 -10 -10 -100    0 -1000 -1000 -10
56 2 pedestrian 0 0 -10 685.63 159.70 781.12 364.70 -10 -10 -10 -100    0 -1000 -1000 -10
56 1 pedestrian 0 0 -10 754.53 148.01 886.65 250.57 -10 -10 -10 -100    0 -1000 -1000 -10
57 12 pedestrian 0 0 -10 1171.28 131.59 1241.83 252.19 -10 -10 -10 -100    0 -1000 -1000 -10
57 6 pedestrian 0 0 -10 981.87 139.21 1169.47 245.41 -10 -10 -10 -100    0 -1000 -1000 -10
57 4 pedestrian 0 0 -10 609.06 170.05 693.70 214.55 -10 -10 -10 -100    0 -1000 -1000 -10
57 2 pedestrian 0 0 -10 703.58 158.09 793.55 364.39 -10 -10 -10 -100    0 -1000 -1000 -10
57 1 pedestrian 0 0 -10 776.92 146.64 911.79 250.54 -10 -10 -10 -100    0 -1000 -1000 -10
58 12 pedestrian 0 0 -10 1196.59 131.64 1241.80 256.61 -10 -10 -10 -100    0 -1000 -1000 -10
58 6 pedestrian 0 0 -10 998.63 138.21 1192.26 247.14 -10 -10 -10 -100    0 -1000 -1000 -10
58 4 pedestrian 0 0 -10 618.60 168.39 705.58 214.14 -10 -10 -10 -100    0 -1000 -1000 -10
58 2 pedestrian 0 0 -10 719.90 156.48 806.98 365.26 -10 -10 -10 -100    0 -1000 -1000 -10
58 1 pedestrian 0 0 -10 798.72 146.46 937.12 250.04 -10 -10 -10 -100    0 -1000 -1000 -10
59 12 pedestrian 0 0 -10 1212.53 133.11 1242.00 280.31 -10 -10 -10 -100    0 -1000 -1000 -10
59 6 pedestrian 0 0 -10 1017.45 135.91 1217.52 248.19 -10 -10 -10 -100    0 -1000 -1000 -10
59 4 pedestrian 0 0 -10 626.48 167.77 714.58 213.64 -10 -10 -10 -100    0 -1000 -1000 -10
59 2 pedestrian 0 0 -10 738.19 154.87 825.51 362.81 -10 -10 -10 -100    0 -1000 -1000 -10
59 1 pedestrian 0 0 -10 820.95 145.69 964.99 249.88 -10 -10 -10 -100    0 -1000 -1000 -10
60 6 pedestrian 0 0 -10 1036.99 136.66 1241.53 252.59 -10 -10 -10 -100    0 -1000 -1000 -10
60 4 pedestrian 0 0 -10 634.26 167.58 724.37 214.32 -10 -10 -10 -100    0 -1000 -1000 -10
60 2 pedestrian 0 0 -10 755.04 154.81 843.33 362.47 -10 -10 -10 -100    0 -1000 -1000 -10
60 1 pedestrian 0 0 -10 842.81 146.06 991.13 250.19 -10 -10 -10 -100    0 -1000 -1000 -10
61 6 pedestrian 0 0 -10 1053.83 134.82 1241.89 254.34 -10 -10 -10 -100    0 -1000 -1000 -10
61 4 pedestrian 0 0 -10 639.37 167.67 729.06 213.71 -10 -10 -10 -100    0 -1000 -1000 -10
61 2 pedestrian 0 0 -10 770.06 153.96 859.35 364.66 -10 -10 -10 -100    0 -1000 -1000 -10
61 1 pedestrian 0 0 -10 865.95 145.89 1016.05 251.34 -10 -10 -10 -100    0 -1000 -1000 -10
62 6 pedestrian 0 0 -10 1069.80 132.97 1241.98 256.14 -10 -10 -10 -100    0 -1000 -1000 -10
62 4 pedestrian 0 0 -10 642.62 167.26 735.10 213.66 -10 -10 -10 -100    0 -1000 -1000 -10
62 2 pedestrian 0 0 -10 784.91 151.78 877.82 364.87 -10 -10 -10 -100    0 -1000 -1000 -10
62 1 pedestrian 0 0 -10 887.78 145.63 1042.90 250.37 -10 -10 -10 -100    0 -1000 -1000 -10
63 6 pedestrian 0 0 -10 1086.85 131.94 1241.56 259.13 -10 -10 -10 -100    0 -1000 -1000 -10
63 4 pedestrian 0 0 -10 647.05 166.55 740.89 212.56 -10 -10 -10 -100    0 -1000 -1000 -10
63 2 pedestrian 0 0 -10 802.86 150.29 897.70 365.52 -10 -10 -10 -100    0 -1000 -1000 -10
63 1 pedestrian 0 0 -10 907.67 145.28 1066.44 250.12 -10 -10 -10 -100    0 -1000 -1000 -10
64 6 pedestrian 0 0 -10 1099.80 131.33 1241.92 261.48 -10 -10 -10 -100    0 -1000 -1000 -10
64 4 pedestrian 0 0 -10 648.12 166.30 742.13 213.63 -10 -10 -10 -100    0 -1000 -1000 -10
64 2 pedestrian 0 0 -10 818.92 151.34 915.01 364.00 -10 -10 -10 -100    0 -1000 -1000 -10
64 1 pedestrian 0 0 -10 930.65 145.08 1092.83 251.28 -10 -10 -10 -100    0 -1000 -1000 -10
65 6 pedestrian 0 0 -10 1111.12 128.06 1240.12 264.73 -10 -10 -10 -100    0 -1000 -1000 -10
65 4 pedestrian 0 0 -10 648.68 166.93 743.51 214.94 -10 -10 -10 -100    0 -1000 -1000 -10
65 2 pedestrian 0 0 -10 837.34 151.17 934.95 361.77 -10 -10 -10 -100    0 -1000 -1000 -10
65 1 pedestrian 0 0 -10 952.20 144.67 1119.44 250.91 -10 -10 -10 -100    0 -1000 -1000 -10
66 6 pedestrian 0 0 -10 1124.18 128.90 1242.00 268.67 -10 -10 -10 -100    0 -1000 -1000 -10
66 4 pedestrian 0 0 -10 648.73 168.38 743.68 217.09 -10 -10 -10 -100    0 -1000 -1000 -10
66 2 pedestrian 0 0 -10 855.69 153.33 952.13 362.93 -10 -10 -10 -100    0 -1000 -1000 -10
66 1 pedestrian 0 0 -10 970.35 145.76 1142.28 252.07 -10 -10 -10 -100    0 -1000 -1000 -10
67 6 pedestrian 0 0 -10 1129.24 128.93 1241.86 272.22 -10 -10 -10 -100    0 -1000 -1000 -10
67 4 pedestrian 0 0 -10 646.13 170.82 743.25 220.46 -10 -10 -10 -100    0 -1000 -1000 -10
67 2 pedestrian 0 0 -10 873.74 154.67 973.14 363.51 -10 -10 -10 -100    0 -1000 -1000 -10
67 1 pedestrian 0 0 -10 989.13 147.51 1163.85 254.29 -10 -10 -10 -100    0 -1000 -1000 -10
68 6 pedestrian 0 0 -10 1136.53 128.02 1241.63 274.79 -10 -10 -10 -100    0 -1000 -1000 -10
68 4 pedestrian 0 0 -10 640.54 173.11 741.77 223.63 -10 -10 -10 -100    0 -1000 -1000 -10
68 2 pedestrian 0 0 -10 890.96 156.47 989.17 364.55 -10 -10 -10 -100    0 -1000 -1000 -10
68 1 pedestrian 0 0 -10 1007.49 148.54 1181.02 256.32 -10 -10 -10 -100    0 -1000 -1000 -10
69 6 pedestrian 0 0 -10 1144.10 127.05 1241.59 276.12 -10 -10 -10 -100    0 -1000 -1000 -10
69 4 pedestrian 0 0 -10 636.94 173.05 737.90 225.63 -10 -10 -10 -100    0 -1000 -1000 -10
69 2 pedestrian 0 0 -10 905.92 156.49 1006.14 363.98 -10 -10 -10 -100    0 -1000 -1000 -10
69 1 pedestrian 0 0 -10 1024.18 148.77 1197.92 256.62 -10 -10 -10 -100    0 -1000 -1000 -10
70 6 pedestrian 0 0 -10 1151.74 124.52 1241.85 281.89 -10 -10 -10 -100    0 -1000 -1000 -10
70 4 pedestrian 0 0 -10 630.96 171.40 732.44 225.72 -10 -10 -10 -100    0 -1000 -1000 -10
70 2 pedestrian 0 0 -10 921.96 154.52 1020.52 362.45 -10 -10 -10 -100    0 -1000 -1000 -10
70 1 pedestrian 0 0 -10 1038.12 148.12 1212.34 255.54 -10 -10 -10 -100    0 -1000 -1000 -10
71 6 pedestrian 0 0 -10 1154.12 121.70 1241.74 282.31 -10 -10 -10 -100    0 -1000 -1000 -10
71 4 pedestrian 0 0 -10 623.12 169.19 728.14 224.28 -10 -10 -10 -100    0 -1000 -1000 -10
71 2 pedestrian 0 0 -10 934.64 153.94 1031.99 360.21 -10 -10 -10 -100    0 -1000 -1000 -10
71 1 pedestrian 0 0 -10 1052.37 147.35 1229.49 254.77 -10 -10 -10 -100    0 -1000 -1000 -10
72 6 pedestrian 0 0 -10 1156.97 119.15 1241.87 285.58 -10 -10 -10 -100    0 -1000 -1000 -10
72 4 pedestrian 0 0 -10 615.48 168.88 719.77 223.65 -10 -10 -10 -100    0 -1000 -1000 -10
72 13 pedestrian 0 0 -10 864.43 166.30 895.44 239.23 -10 -10 -10 -100    0 -1000 -1000 -10
72 2 pedestrian 0 0 -10 945.84 155.42 1041.35 358.34 -10 -10 -10 -100    0 -1000 -1000 -10
72 1 pedestrian 0 0 -10 1064.57 148.09 1240.80 254.53 -10 -10 -10 -100    0 -1000 -1000 -10
73 6 pedestrian 0 0 -10 1156.07 119.45 1241.84 286.50 -10 -10 -10 -100    0 -1000 -1000 -10
73 4 pedestrian 0 0 -10 602.80 167.09 708.46 222.95 -10 -10 -10 -100    0 -1000 -1000 -10
73 13 pedestrian 0 0 -10 857.95 167.56 887.30 240.98 -10 -10 -10 -100    0 -1000 -1000 -10
73 2 pedestrian 0 0 -10 955.39 154.84 1051.10 356.27 -10 -10 -10 -100    0 -1000 -1000 -10
73 1 pedestrian 0 0 -10 1074.62 147.01 1240.72 252.85 -10 -10 -10 -100    0 -1000 -1000 -10
74 6 pedestrian 0 0 -10 1154.34 118.30 1241.77 290.99 -10 -10 -10 -100    0 -1000 -1000 -10
74 4 pedestrian 0 0 -10 590.81 167.49 700.82 224.03 -10 -10 -10 -100    0 -1000 -1000 -10
74 13 pedestrian 0 0 -10 848.80 165.85 878.83 241.99 -10 -10 -10 -100    0 -1000 -1000 -10
74 2 pedestrian 0 0 -10 963.91 153.75 1058.70 354.92 -10 -10 -10 -100    0 -1000 -1000 -10
74 1 pedestrian 0 0 -10 1084.56 149.36 1242.00 252.21 -10 -10 -10 -100    0 -1000 -1000 -10
75 6 pedestrian 0 0 -10 1152.65 120.48 1241.83 295.13 -10 -10 -10 -100    0 -1000 -1000 -10
75 4 pedestrian 0 0 -10 564.98 169.30 683.98 222.07 -10 -10 -10 -100    0 -1000 -1000 -10
75 13 pedestrian 0 0 -10 838.57 167.62 869.45 246.95 -10 -10 -10 -100    0 -1000 -1000 -10
75 2 pedestrian 0 0 -10 965.50 155.66 1060.55 353.12 -10 -10 -10 -100    0 -1000 -1000 -10
75 1 pedestrian 0 0 -10 1089.27 151.29 1242.00 252.47 -10 -10 -10 -100    0 -1000 -1000 -10
76 6 pedestrian 0 0 -10 1149.64 122.19 1241.85 300.09 -10 -10 -10 -100    0 -1000 -1000 -10
76 4 pedestrian 0 0 -10 542.32 172.77 660.37 220.20 -10 -10 -10 -100    0 -1000 -1000 -10
76 13 pedestrian 0 0 -10 827.26 169.70 858.34 251.17 -10 -10 -10 -100    0 -1000 -1000 -10
76 2 pedestrian 0 0 -10 967.77 158.76 1061.16 351.87 -10 -10 -10 -100    0 -1000 -1000 -10
76 1 pedestrian 0 0 -10 1094.03 154.11 1242.00 253.80 -10 -10 -10 -100    0 -1000 -1000 -10
77 6 pedestrian 0 0 -10 1144.38 122.04 1241.86 308.96 -10 -10 -10 -100    0 -1000 -1000 -10
77 4 pedestrian 0 0 -10 523.17 174.91 638.46 220.91 -10 -10 -10 -100    0 -1000 -1000 -10
77 13 pedestrian 0 0 -10 813.47 171.40 845.96 256.55 -10 -10 -10 -100    0 -1000 -1000 -10
77 2 pedestrian 0 0 -10 968.60 160.03 1061.38 351.86 -10 -10 -10 -100    0 -1000 -1000 -10
77 1 pedestrian 0 0 -10 1095.67 157.39 1242.00 256.44 -10 -10 -10 -100    0 -1000 -1000 -10
78 6 pedestrian 0 0 -10 1138.96 127.33 1241.78 315.24 -10 -10 -10 -100    0 -1000 -1000 -10
78 4 pedestrian 0 0 -10 507.24 175.54 623.53 221.31 -10 -10 -10 -100    0 -1000 -1000 -10
78 13 pedestrian 0 0 -10 800.82 173.35 833.26 257.99 -10 -10 -10 -100    0 -1000 -1000 -10
78 2 pedestrian 0 0 -10 970.20 162.00 1061.79 351.10 -10 -10 -10 -100    0 -1000 -1000 -10
78 1 pedestrian 0 0 -10 1098.57 159.90 1242.00 257.56 -10 -10 -10 -100    0 -1000 -1000 -10
79 6 pedestrian 0 0 -10 1132.08 127.00 1241.72 318.55 -10 -10 -10 -100    0 -1000 -1000 -10
79 4 pedestrian 0 0 -10 486.77 176.96 608.09 222.93 -10 -10 -10 -100    0 -1000 -1000 -10
79 13 pedestrian 0 0 -10 786.22 174.42 820.41 259.01 -10 -10 -10 -100    0 -1000 -1000 -10
79 2 pedestrian 0 0 -10 969.97 163.40 1057.49 348.03 -10 -10 -10 -100    0 -1000 -1000 -10
79 1 pedestrian 0 0 -10 1100.61 160.88 1241.61 256.70 -10 -10 -10 -100    0 -1000 -1000 -10
80 6 pedestrian 0 0 -10 1124.04 127.42 1242.00 321.86 -10 -10 -10 -100    0 -1000 -1000 -10
80 4 pedestrian 0 0 -10 467.36 177.36 591.25 226.22 -10 -10 -10 -100    0 -1000 -1000 -10
80 13 pedestrian 0 0 -10 772.97 175.26 807.57 260.79 -10 -10 -10 -100    0 -1000 -1000 -10
80 2 pedestrian 0 0 -10 965.39 164.05 1052.68 347.66 -10 -10 -10 -100    0 -1000 -1000 -10
80 1 pedestrian 0 0 -10 1100.58 162.78 1241.30 256.31 -10 -10 -10 -100    0 -1000 -1000 -10
81 6 pedestrian 0 0 -10 1117.79 130.75 1241.97 327.19 -10 -10 -10 -100    0 -1000 -1000 -10
81 4 pedestrian 0 0 -10 446.60 178.59 572.89 228.43 -10 -10 -10 -100    0 -1000 -1000 -10
81 13 pedestrian 0 0 -10 756.86 176.30 792.52 261.79 -10 -10 -10 -100    0 -1000 -1000 -10
81 2 pedestrian 0 0 -10 961.12 166.63 1044.66 346.16 -10 -10 -10 -100    0 -1000 -1000 -10
81 1 pedestrian 0 0 -10 1097.24 164.16 1240.63 257.33 -10 -10 -10 -100    0 -1000 -1000 -10
82 14 pedestrian 0 0 -10 870.15 188.09 912.92 237.91 -10 -10 -10 -100    0 -1000 -1000 -10
82 6 pedestrian 0 0 -10 1109.33 129.29 1241.69 332.23 -10 -10 -10 -100    0 -1000 -1000 -10
82 4 pedestrian 0 0 -10 427.22 179.59 552.95 231.38 -10 -10 -10 -100    0 -1000 -1000 -10
82 13 pedestrian 0 0 -10 741.73 177.11 778.10 263.76 -10 -10 -10 -100    0 -1000 -1000 -10
82 2 pedestrian 0 0 -10 955.70 167.79 1038.97 344.71 -10 -10 -10 -100    0 -1000 -1000 -10
82 1 pedestrian 0 0 -10 1091.78 165.66 1228.48 256.02 -10 -10 -10 -100    0 -1000 -1000 -10
83 14 pedestrian 0 0 -10 854.21 188.25 894.75 236.68 -10 -10 -10 -100    0 -1000 -1000 -10
83 6 pedestrian 0 0 -10 1101.97 124.22 1241.88 333.76 -10 -10 -10 -100    0 -1000 -1000 -10
83 4 pedestrian 0 0 -10 404.85 179.67 531.81 231.55 -10 -10 -10 -100    0 -1000 -1000 -10
83 13 pedestrian 0 0 -10 724.83 178.49 761.06 263.15 -10 -10 -10 -100    0 -1000 -1000 -10
83 2 pedestrian 0 0 -10 950.70 169.37 1029.15 340.01 -10 -10 -10 -100    0 -1000 -1000 -10
83 1 pedestrian 0 0 -10 1084.57 164.70 1211.58 252.71 -10 -10 -10 -100    0 -1000 -1000 -10
84 14 pedestrian 0 0 -10 835.29 188.19 876.90 236.29 -10 -10 -10 -100    0 -1000 -1000 -10
84 6 pedestrian 0 0 -10 1093.31 122.02 1241.81 333.68 -10 -10 -10 -100    0 -1000 -1000 -10
84 13 pedestrian 0 0 -10 708.40 177.51 744.60 262.99 -10 -10 -10 -100    0 -1000 -1000 -10
84 2 pedestrian 0 0 -10 942.48 165.73 1020.48 337.30 -10 -10 -10 -100    0 -1000 -1000 -10
84 1 pedestrian 0 0 -10 1078.65 164.31 1198.85 249.45 -10 -10 -10 -100    0 -1000 -1000 -10
85 14 pedestrian 0 0 -10 818.07 186.94 859.07 234.53 -10 -10 -10 -100    0 -1000 -1000 -10
85 6 pedestrian 0 0 -10 1084.77 117.78 1241.74 335.98 -10 -10 -10 -100    0 -1000 -1000 -10
85 13 pedestrian 0 0 -10 690.13 177.15 727.17 263.54 -10 -10 -10 -100    0 -1000 -1000 -10
85 2 pedestrian 0 0 -10 935.10 166.35 1011.10 332.98 -10 -10 -10 -100    0 -1000 -1000 -10
85 1 pedestrian 0 0 -10 1071.35 162.52 1184.74 247.24 -10 -10 -10 -100    0 -1000 -1000 -10
86 14 pedestrian 0 0 -10 801.37 188.76 840.57 232.80 -10 -10 -10 -100    0 -1000 -1000 -10
86 6 pedestrian 0 0 -10 1076.55 117.05 1241.64 341.16 -10 -10 -10 -100    0 -1000 -1000 -10
86 13 pedestrian 0 0 -10 672.98 177.59 709.59 265.42 -10 -10 -10 -100    0 -1000 -1000 -10
86 2 pedestrian 0 0 -10 928.28 165.96 1003.37 329.88 -10 -10 -10 -100    0 -1000 -1000 -10
86 1 pedestrian 0 0 -10 1061.44 160.84 1171.29 245.12 -10 -10 -10 -100    0 -1000 -1000 -10
87 16 pedestrian 0 0 -10 992.95 185.24 1052.09 229.48 -10 -10 -10 -100    0 -1000 -1000 -10
87 15 pedestrian 0 0 -10 410.09 177.97 443.65 220.85 -10 -10 -10 -100    0 -1000 -1000 -10
87 14 pedestrian 0 0 -10 783.93 190.64 823.29 232.09 -10 -10 -10 -100    0 -1000 -1000 -10
87 6 pedestrian 0 0 -10 1071.21 117.43 1241.56 347.33 -10 -10 -10 -100    0 -1000 -1000 -10
87 13 pedestrian 0 0 -10 654.29 179.44 691.11 267.92 -10 -10 -10 -100    0 -1000 -1000 -10
87 2 pedestrian 0 0 -10 922.22 168.44 995.55 327.04 -10 -10 -10 -100    0 -1000 -1000 -10
87 1 pedestrian 0 0 -10 1052.65 162.19 1156.54 244.90 -10 -10 -10 -100    0 -1000 -1000 -10
88 16 pedestrian 0 0 -10 970.76 185.82 1035.96 228.59 -10 -10 -10 -100    0 -1000 -1000 -10
88 15 pedestrian 0 0 -10 385.94 178.34 421.57 222.16 -10 -10 -10 -100    0 -1000 -1000 -10
88 14 pedestrian 0 0 -10 765.91 189.57 806.10 232.46 -10 -10 -10 -100    0 -1000 -1000 -10
88 6 pedestrian 0 0 -10 1064.84 116.13 1241.52 353.50 -10 -10 -10 -100    0 -1000 -1000 -10
88 13 pedestrian 0 0 -10 637.11 178.74 674.39 271.06 -10 -10 -10 -100    0 -1000 -1000 -10
88 2 pedestrian 0 0 -10 914.86 167.14 988.01 325.79 -10 -10 -10 -100    0 -1000 -1000 -10
88 1 pedestrian 0 0 -10 1041.66 163.43 1140.28 243.99 -10 -10 -10 -100    0 -1000 -1000 -10
89 16 pedestrian 0 0 -10 980.42 178.70 1029.28 224.13 -10 -10 -10 -100    0 -1000 -1000 -10
89 15 pedestrian 0 0 -10 362.10 178.45 396.73 222.22 -10 -10 -10 -100    0 -1000 -1000 -10
89 14 pedestrian 0 0 -10 749.01 190.29 789.71 232.04 -10 -10 -10 -100    0 -1000 -1000 -10
89 6 pedestrian 0 0 -10 1059.31 113.59 1241.42 359.29 -10 -10 -10 -100    0 -1000 -1000 -10
89 13 pedestrian 0 0 -10 617.35 177.69 657.39 274.02 -10 -10 -10 -100    0 -1000 -1000 -10
89 2 pedestrian 0 0 -10 909.06 167.03 979.26 321.68 -10 -10 -10 -100    0 -1000 -1000 -10
89 1 pedestrian 0 0 -10 1031.58 163.21 1122.76 242.66 -10 -10 -10 -100    0 -1000 -1000 -10
90 16 pedestrian 0 0 -10 961.73 177.24 1011.77 222.39 -10 -10 -10 -100    0 -1000 -1000 -10
90 15 pedestrian 0 0 -10 339.93 185.38 374.41 224.83 -10 -10 -10 -100    0 -1000 -1000 -10
90 14 pedestrian 0 0 -10 731.49 189.37 773.50 232.07 -10 -10 -10 -100    0 -1000 -1000 -10
90 6 pedestrian 0 0 -10 1053.73 109.79 1241.56 364.26 -10 -10 -10 -100    0 -1000 -1000 -10
90 13 pedestrian 0 0 -10 598.15 176.85 639.59 278.25 -10 -10 -10 -100    0 -1000 -1000 -10
90 2 pedestrian 0 0 -10 901.37 167.38 970.47 319.44 -10 -10 -10 -100    0 -1000 -1000 -10
90 1 pedestrian 0 0 -10 1020.62 160.82 1112.68 240.54 -10 -10 -10 -100    0 -1000 -1000 -10
91 16 pedestrian 0 0 -10 942.79 174.13 994.40 222.34 -10 -10 -10 -100    0 -1000 -1000 -10
91 15 pedestrian 0 0 -10 314.07 187.99 348.83 227.93 -10 -10 -10 -100    0 -1000 -1000 -10
91 14 pedestrian 0 0 -10 713.71 189.23 755.59 234.04 -10 -10 -10 -100    0 -1000 -1000 -10
91 6 pedestrian 0 0 -10 1050.76 108.50 1241.49 371.25 -10 -10 -10 -100    0 -1000 -1000 -10
91 13 pedestrian 0 0 -10 578.40 176.38 620.67 281.65 -10 -10 -10 -100    0 -1000 -1000 -10
91 2 pedestrian 0 0 -10 894.04 168.61 962.41 319.32 -10 -10 -10 -100    0 -1000 -1000 -10
91 1 pedestrian 0 0 -10 1007.15 165.00 1084.61 238.26 -10 -10 -10 -100    0 -1000 -1000 -10
92 16 pedestrian 0 0 -10 922.62 173.64 977.97 222.40 -10 -10 -10 -100    0 -1000 -1000 -10
92 15 pedestrian 0 0 -10 289.05 190.77 321.61 229.33 -10 -10 -10 -100    0 -1000 -1000 -10
92 14 pedestrian 0 0 -10 695.59 187.85 738.59 234.20 -10 -10 -10 -100    0 -1000 -1000 -10
92 6 pedestrian 0 0 -10 1045.31 107.06 1241.63 375.00 -10 -10 -10 -100    0 -1000 -1000 -10
92 13 pedestrian 0 0 -10 556.51 177.86 602.00 286.60 -10 -10 -10 -100    0 -1000 -1000 -10
92 2 pedestrian 0 0 -10 887.33 169.04 953.87 317.58 -10 -10 -10 -100    0 -1000 -1000 -10
92 1 pedestrian 0 0 -10 993.77 166.51 1066.96 237.88 -10 -10 -10 -100    0 -1000 -1000 -10
93 15 pedestrian 0 0 -10 260.62 193.46 290.97 232.19 -10 -10 -10 -100    0 -1000 -1000 -10
93 14 pedestrian 0 0 -10 678.66 186.62 720.98 235.98 -10 -10 -10 -100    0 -1000 -1000 -10
93 6 pedestrian 0 0 -10 1036.90 102.11 1241.72 375.00 -10 -10 -10 -100    0 -1000 -1000 -10
93 13 pedestrian 0 0 -10 536.05 175.71 582.97 289.80 -10 -10 -10 -100    0 -1000 -1000 -10
93 2 pedestrian 0 0 -10 880.35 170.11 945.42 314.60 -10 -10 -10 -100    0 -1000 -1000 -10
93 1 pedestrian 0 0 -10 981.90 166.73 1050.62 236.50 -10 -10 -10 -100    0 -1000 -1000 -10
94 15 pedestrian 0 0 -10 232.39 191.03 260.25 230.81 -10 -10 -10 -100    0 -1000 -1000 -10
94 14 pedestrian 0 0 -10 660.63 184.41 704.53 235.50 -10 -10 -10 -100    0 -1000 -1000 -10
94 6 pedestrian 0 0 -10 1024.43 97.30 1241.92 375.00 -10 -10 -10 -100    0 -1000 -1000 -10
94 13 pedestrian 0 0 -10 514.48 173.88 563.83 293.28 -10 -10 -10 -100    0 -1000 -1000 -10
94 2 pedestrian 0 0 -10 872.55 168.56 937.30 311.94 -10 -10 -10 -100    0 -1000 -1000 -10
94 1 pedestrian 0 0 -10 969.03 166.60 1032.08 234.96 -10 -10 -10 -100    0 -1000 -1000 -10
95 14 pedestrian 0 0 -10 642.43 182.52 688.44 236.34 -10 -10 -10 -100    0 -1000 -1000 -10
95 6 pedestrian 0 0 -10 1015.20 95.14 1242.00 375.00 -10 -10 -10 -100    0 -1000 -1000 -10
95 13 pedestrian 0 0 -10 489.62 173.77 544.47 297.52 -10 -10 -10 -100    0 -1000 -1000 -10
95 2 pedestrian 0 0 -10 866.27 171.18 930.61 309.89 -10 -10 -10 -100    0 -1000 -1000 -10
95 1 pedestrian 0 0 -10 955.79 167.99 1016.06 235.14 -10 -10 -10 -100    0 -1000 -1000 -10
96 27 pedestrian 0 0 -10 51.40 168.65 125.53 216.29 -10 -10 -10 -100    0 -1000 -1000 -10
96 16 pedestrian 0 0 -10 832.07 181.33 871.60 221.47 -10 -10 -10 -100    0 -1000 -1000 -10
96 14 pedestrian 0 0 -10 624.24 183.48 670.84 239.32 -10 -10 -10 -100    0 -1000 -1000 -10
96 6 pedestrian 0 0 -10 1006.22 95.71 1242.00 375.00 -10 -10 -10 -100    0 -1000 -1000 -10
96 13 pedestrian 0 0 -10 466.48 172.82 520.08 302.16 -10 -10 -10 -100    0 -1000 -1000 -10
96 2 pedestrian 0 0 -10 859.31 171.53 924.58 309.40 -10 -10 -10 -100    0 -1000 -1000 -10
96 1 pedestrian 0 0 -10 942.08 169.96 999.06 235.68 -10 -10 -10 -100    0 -1000 -1000 -10
97 27 pedestrian 0 0 -10 13.17 169.63 93.76 213.49 -10 -10 -10 -100    0 -1000 -1000 -10
97 16 pedestrian 0 0 -10 817.14 181.30 857.12 222.10 -10 -10 -10 -100    0 -1000 -1000 -10
97 14 pedestrian 0 0 -10 605.19 183.54 652.89 240.85 -10 -10 -10 -100    0 -1000 -1000 -10
97 6 pedestrian 0 0 -10 999.23 95.50 1242.00 375.00 -10 -10 -10 -100    0 -1000 -1000 -10
97 13 pedestrian 0 0 -10 441.65 174.56 494.00 306.56 -10 -10 -10 -100    0 -1000 -1000 -10
97 2 pedestrian 0 0 -10 851.93 173.58 917.04 308.92 -10 -10 -10 -100    0 -1000 -1000 -10
97 1 pedestrian 0 0 -10 926.67 171.90 982.47 235.58 -10 -10 -10 -100    0 -1000 -1000 -10
98 27 pedestrian 0 0 -10 0.01 167.24 57.23 212.98 -10 -10 -10 -100    0 -1000 -1000 -10
98 16 pedestrian 0 0 -10 799.41 179.52 844.23 223.36 -10 -10 -10 -100    0 -1000 -1000 -10
98 14 pedestrian 0 0 -10 585.05 182.92 632.98 241.60 -10 -10 -10 -100    0 -1000 -1000 -10
98 6 pedestrian 0 0 -10 991.07 91.91 1241.97 375.00 -10 -10 -10 -100    0 -1000 -1000 -10
98 13 pedestrian 0 0 -10 414.51 174.06 463.43 310.76 -10 -10 -10 -100    0 -1000 -1000 -10
98 2 pedestrian 0 0 -10 845.32 172.14 912.36 307.60 -10 -10 -10 -100    0 -1000 -1000 -10
98 1 pedestrian 0 0 -10 910.00 172.28 965.48 234.40 -10 -10 -10 -100    0 -1000 -1000 -10
99 27 pedestrian 0 0 -10 0.00 162.37 19.87 217.33 -10 -10 -10 -100    0 -1000 -1000 -10
99 16 pedestrian 0 0 -10 783.14 178.87 836.02 223.47 -10 -10 -10 -100    0 -1000 -1000 -10
99 14 pedestrian 0 0 -10 565.70 182.23 614.02 242.28 -10 -10 -10 -100    0 -1000 -1000 -10
99 6 pedestrian 0 0 -10 982.67 86.32 1242.00 375.00 -10 -10 -10 -100    0 -1000 -1000 -10
99 13 pedestrian 0 0 -10 386.08 174.06 432.48 316.66 -10 -10 -10 -100    0 -1000 -1000 -10
99 2 pedestrian 0 0 -10 840.60 172.43 906.64 305.49 -10 -10 -10 -100    0 -1000 -1000 -10
99 1 pedestrian 0 0 -10 892.81 172.58 947.97 233.81 -10 -10 -10 -100    0 -1000 -1000 -10
100 16 pedestrian 0 0 -10 766.78 175.42 825.52 223.07 -10 -10 -10 -100    0 -1000 -1000 -10
100 14 pedestrian 0 0 -10 544.62 180.76 595.64 241.18 -10 -10 -10 -100    0 -1000 -1000 -10
100 6 pedestrian 0 0 -10 977.28 81.12 1241.94 375.00 -10 -10 -10 -100    0 -1000 -1000 -10
100 13 pedestrian 0 0 -10 350.98 170.22 400.82 327.90 -10 -10 -10 -100    0 -1000 -1000 -10
100 2 pedestrian 0 0 -10 835.56 172.43 900.89 303.04 -10 -10 -10 -100    0 -1000 -1000 -10
100 1 pedestrian 0 0 -10 877.52 171.39 930.10 231.49 -10 -10 -10 -100    0 -1000 -1000 -10
101 23 pedestrian 0 0 -10 907.67 180.41 973.03 229.15 -10 -10 -10 -100    0 -1000 -1000 -10
101 16 pedestrian 0 0 -10 750.34 173.89 818.66 220.83 -10 -10 -10 -100    0 -1000 -1000 -10
101 14 pedestrian 0 0 -10 523.68 178.68 575.52 240.75 -10 -10 -10 -100    0 -1000 -1000 -10
101 6 pedestrian 0 0 -10 972.41 77.74 1240.99 375.00 -10 -10 -10 -100    0 -1000 -1000 -10
101 13 pedestrian 0 0 -10 308.31 166.54 370.67 338.48 -10 -10 -10 -100    0 -1000 -1000 -10
101 2 pedestrian 0 0 -10 830.17 171.17 895.21 301.49 -10 -10 -10 -100    0 -1000 -1000 -10
101 1 pedestrian 0 0 -10 860.72 171.44 912.24 230.33 -10 -10 -10 -100    0 -1000 -1000 -10
102 23 pedestrian 0 0 -10 889.59 180.39 972.84 233.81 -10 -10 -10 -100    0 -1000 -1000 -10
102 16 pedestrian 0 0 -10 733.98 171.19 808.97 220.91 -10 -10 -10 -100    0 -1000 -1000 -10
102 14 pedestrian 0 0 -10 503.27 177.04 556.21 241.80 -10 -10 -10 -100    0 -1000 -1000 -10
102 6 pedestrian 0 0 -10 968.63 72.99 1242.00 375.00 -10 -10 -10 -100    0 -1000 -1000 -10
102 2 pedestrian 0 0 -10 826.38 172.45 894.09 300.82 -10 -10 -10 -100    0 -1000 -1000 -10
102 1 pedestrian 0 0 -10 844.58 170.85 896.66 228.52 -10 -10 -10 -100    0 -1000 -1000 -10
103 23 pedestrian 0 0 -10 872.98 180.03 968.70 235.27 -10 -10 -10 -100    0 -1000 -1000 -10
103 16 pedestrian 0 0 -10 717.45 172.08 791.13 219.95 -10 -10 -10 -100    0 -1000 -1000 -10
103 14 pedestrian 0 0 -10 479.48 176.04 535.23 242.48 -10 -10 -10 -100    0 -1000 -1000 -10
103 6 pedestrian 0 0 -10 964.28 65.27 1241.67 375.00 -10 -10 -10 -100    0 -1000 -1000 -10
103 2 pedestrian 0 0 -10 822.04 171.32 887.42 299.45 -10 -10 -10 -100    0 -1000 -1000 -10
103 1 pedestrian 0 0 -10 826.57 169.89 879.17 226.20 -10 -10 -10 -100    0 -1000 -1000 -10
104 23 pedestrian 0 0 -10 873.68 181.66 971.92 239.17 -10 -10 -10 -100    0 -1000 -1000 -10
104 16 pedestrian 0 0 -10 700.65 173.53 772.74 220.62 -10 -10 -10 -100    0 -1000 -1000 -10
104 14 pedestrian 0 0 -10 457.88 176.99 515.01 243.13 -10 -10 -10 -100    0 -1000 -1000 -10
104 6 pedestrian 0 0 -10 964.69 63.66 1242.00 375.00 -10 -10 -10 -100    0 -1000 -1000 -10
104 2 pedestrian 0 0 -10 817.39 171.98 885.03 299.24 -10 -10 -10 -100    0 -1000 -1000 -10
104 1 pedestrian 0 0 -10 811.16 170.36 861.51 224.72 -10 -10 -10 -100    0 -1000 -1000 -10
105 23 pedestrian 0 0 -10 866.11 183.72 974.59 246.65 -10 -10 -10 -100    0 -1000 -1000 -10
105 16 pedestrian 0 0 -10 683.87 175.35 753.05 220.73 -10 -10 -10 -100    0 -1000 -1000 -10
105 14 pedestrian 0 0 -10 435.47 177.47 493.38 241.97 -10 -10 -10 -100    0 -1000 -1000 -10
105 6 pedestrian 0 0 -10 964.65 65.16 1241.92 375.00 -10 -10 -10 -100    0 -1000 -1000 -10
105 2 pedestrian 0 0 -10 813.93 170.40 881.01 298.97 -10 -10 -10 -100    0 -1000 -1000 -10
105 1 pedestrian 0 0 -10 795.37 169.44 843.05 224.42 -10 -10 -10 -100    0 -1000 -1000 -10
106 32 pedestrian 0 0 -10 0.00 154.28 123.76 375.00 -10 -10 -10 -100    0 -1000 -1000 -10
106 23 pedestrian 0 0 -10 881.10 184.62 976.38 251.36 -10 -10 -10 -100    0 -1000 -1000 -10
106 16 pedestrian 0 0 -10 666.51 175.53 737.88 221.95 -10 -10 -10 -100    0 -1000 -1000 -10
106 14 pedestrian 0 0 -10 415.55 178.89 472.88 239.80 -10 -10 -10 -100    0 -1000 -1000 -10
106 6 pedestrian 0 0 -10 966.84 64.36 1242.00 375.00 -10 -10 -10 -100    0 -1000 -1000 -10
106 2 pedestrian 0 0 -10 809.85 171.47 878.78 299.72 -10 -10 -10 -100    0 -1000 -1000 -10
106 1 pedestrian 0 0 -10 778.41 169.77 826.80 224.11 -10 -10 -10 -100    0 -1000 -1000 -10
107 33 pedestrian 0 0 -10 729.03 173.03 760.03 197.95 -10 -10 -10 -100    0 -1000 -1000 -10
107 23 pedestrian 0 0 -10 878.33 185.93 981.39 254.50 -10 -10 -10 -100    0 -1000 -1000 -10
107 16 pedestrian 0 0 -10 650.98 176.40 721.20 221.58 -10 -10 -10 -100    0 -1000 -1000 -10
107 14 pedestrian 0 0 -10 393.65 178.36 451.57 236.43 -10 -10 -10 -100    0 -1000 -1000 -10
107 6 pedestrian 0 0 -10 973.84 67.41 1242.00 375.00 -10 -10 -10 -100    0 -1000 -1000 -10
107 2 pedestrian 0 0 -10 808.15 173.74 874.92 300.11 -10 -10 -10 -100    0 -1000 -1000 -10
107 1 pedestrian 0 0 -10 761.79 170.17 809.70 223.68 -10 -10 -10 -100    0 -1000 -1000 -10
108 33 pedestrian 0 0 -10 711.76 173.61 745.92 198.85 -10 -10 -10 -100    0 -1000 -1000 -10
108 23 pedestrian 0 0 -10 881.47 187.05 988.97 255.68 -10 -10 -10 -100    0 -1000 -1000 -10
108 16 pedestrian 0 0 -10 634.19 175.89 705.92 222.76 -10 -10 -10 -100    0 -1000 -1000 -10
108 14 pedestrian 0 0 -10 371.60 177.35 431.27 236.16 -10 -10 -10 -100    0 -1000 -1000 -10
108 6 pedestrian 0 0 -10 981.58 66.58 1242.00 375.00 -10 -10 -10 -100    0 -1000 -1000 -10
108 2 pedestrian 0 0 -10 805.60 174.85 870.81 300.54 -10 -10 -10 -100    0 -1000 -1000 -10
108 1 pedestrian 0 0 -10 746.10 170.38 794.06 223.76 -10 -10 -10 -100    0 -1000 -1000 -10
109 33 pedestrian 0 0 -10 694.48 173.15 730.50 198.89 -10 -10 -10 -100    0 -1000 -1000 -10
109 23 pedestrian 0 0 -10 875.17 188.21 981.20 255.01 -10 -10 -10 -100    0 -1000 -1000 -10
109 16 pedestrian 0 0 -10 618.88 174.99 690.50 221.67 -10 -10 -10 -100    0 -1000 -1000 -10
109 14 pedestrian 0 0 -10 346.29 177.28 408.67 237.37 -10 -10 -10 -100    0 -1000 -1000 -10
109 6 pedestrian 0 0 -10 994.09 69.70 1241.88 375.00 -10 -10 -10 -100    0 -1000 -1000 -10
109 2 pedestrian 0 0 -10 802.50 174.33 867.96 301.12 -10 -10 -10 -100    0 -1000 -1000 -10
109 1 pedestrian 0 0 -10 730.30 169.92 778.11 222.69 -10 -10 -10 -100    0 -1000 -1000 -10
110 33 pedestrian 0 0 -10 676.29 172.07 716.26 200.05 -10 -10 -10 -100    0 -1000 -1000 -10
110 23 pedestrian 0 0 -10 863.77 186.98 972.67 255.19 -10 -10 -10 -100    0 -1000 -1000 -10
110 16 pedestrian 0 0 -10 601.47 174.32 676.48 222.36 -10 -10 -10 -100    0 -1000 -1000 -10
110 14 pedestrian 0 0 -10 318.88 175.43 382.76 236.90 -10 -10 -10 -100    0 -1000 -1000 -10
110 6 pedestrian 0 0 -10 1014.10 67.58 1241.69 375.00 -10 -10 -10 -100    0 -1000 -1000 -10
110 2 pedestrian 0 0 -10 799.25 173.97 861.53 300.13 -10 -10 -10 -100    0 -1000 -1000 -10
110 1 pedestrian 0 0 -10 714.11 169.27 763.57 222.35 -10 -10 -10 -100    0 -1000 -1000 -10
111 34 pedestrian 0 0 -10 771.04 179.50 829.24 224.75 -10 -10 -10 -100    0 -1000 -1000 -10
111 33 pedestrian 0 0 -10 659.05 170.40 700.18 197.33 -10 -10 -10 -100    0 -1000 -1000 -10
111 23 pedestrian 0 0 -10 851.55 186.73 961.24 255.58 -10 -10 -10 -100    0 -1000 -1000 -10
111 16 pedestrian 0 0 -10 587.12 172.40 660.67 221.96 -10 -10 -10 -100    0 -1000 -1000 -10
111 14 pedestrian 0 0 -10 289.62 174.39 357.74 237.47 -10 -10 -10 -100    0 -1000 -1000 -10
111 6 pedestrian 0 0 -10 1039.64 63.29 1241.86 375.00 -10 -10 -10 -100    0 -1000 -1000 -10
111 2 pedestrian 0 0 -10 794.60 173.69 854.38 298.44 -10 -10 -10 -100    0 -1000 -1000 -10
111 1 pedestrian 0 0 -10 698.68 169.45 747.22 221.10 -10 -10 -10 -100    0 -1000 -1000 -10
112 33 pedestrian 0 0 -10 638.59 169.40 687.14 199.40 -10 -10 -10 -100    0 -1000 -1000 -10
112 23 pedestrian 0 0 -10 841.55 185.93 950.21 256.11 -10 -10 -10 -100    0 -1000 -1000 -10
112 16 pedestrian 0 0 -10 569.83 171.48 643.95 222.51 -10 -10 -10 -100    0 -1000 -1000 -10
112 14 pedestrian 0 0 -10 260.64 173.30 332.30 238.28 -10 -10 -10 -100    0 -1000 -1000 -10
112 6 pedestrian 0 0 -10 1076.43 57.91 1241.51 375.00 -10 -10 -10 -100    0 -1000 -1000 -10
112 2 pedestrian 0 0 -10 789.80 173.67 847.08 296.68 -10 -10 -10 -100    0 -1000 -1000 -10
112 1 pedestrian 0 0 -10 683.32 169.78 730.12 221.47 -10 -10 -10 -100    0 -1000 -1000 -10
113 37 pedestrian 0 0 -10 713.84 180.25 793.47 225.29 -10 -10 -10 -100    0 -1000 -1000 -10
113 36 pedestrian 0 0 -10 1.58 174.48 254.04 298.62 -10 -10 -10 -100    0 -1000 -1000 -10
113 33 pedestrian 0 0 -10 625.66 167.29 671.77 196.43 -10 -10 -10 -100    0 -1000 -1000 -10
113 23 pedestrian 0 0 -10 831.83 185.13 939.64 256.86 -10 -10 -10 -100    0 -1000 -1000 -10
113 16 pedestrian 0 0 -10 553.66 171.92 627.42 225.87 -10 -10 -10 -100    0 -1000 -1000 -10
113 14 pedestrian 0 0 -10 266.83 177.57 305.98 235.05 -10 -10 -10 -100    0 -1000 -1000 -10
113 6 pedestrian 0 0 -10 1120.55 49.69 1241.88 375.00 -10 -10 -10 -100    0 -1000 -1000 -10
113 2 pedestrian 0 0 -10 785.97 172.06 838.23 294.75 -10 -10 -10 -100    0 -1000 -1000 -10
113 1 pedestrian 0 0 -10 667.73 170.41 713.41 220.98 -10 -10 -10 -100    0 -1000 -1000 -10
114 36 pedestrian 0 0 -10 0.00 170.73 235.63 304.11 -10 -10 -10 -100    0 -1000 -1000 -10
114 33 pedestrian 0 0 -10 602.66 166.13 657.52 195.48 -10 -10 -10 -100    0 -1000 -1000 -10
114 23 pedestrian 0 0 -10 822.75 184.81 933.59 259.00 -10 -10 -10 -100    0 -1000 -1000 -10
114 16 pedestrian 0 0 -10 537.39 175.00 613.67 229.72 -10 -10 -10 -100    0 -1000 -1000 -10
114 14 pedestrian 0 0 -10 236.69 178.59 276.84 239.11 -10 -10 -10 -100    0 -1000 -1000 -10
114 6 pedestrian 0 0 -10 1182.49 53.47 1241.76 375.00 -10 -10 -10 -100    0 -1000 -1000 -10
114 37 pedestrian 0 0 -10 704.81 180.16 787.94 226.53 -10 -10 -10 -100    0 -1000 -1000 -10
114 2 pedestrian 0 0 -10 781.65 172.09 833.70 294.88 -10 -10 -10 -100    0 -1000 -1000 -10
114 1 pedestrian 0 0 -10 653.24 170.71 697.69 220.22 -10 -10 -10 -100    0 -1000 -1000 -10
115 33 pedestrian 0 0 -10 577.08 165.88 640.99 194.56 -10 -10 -10 -100    0 -1000 -1000 -10
115 23 pedestrian 0 0 -10 814.92 185.20 924.69 261.03 -10 -10 -10 -100    0 -1000 -1000 -10
115 36 pedestrian 0 0 -10 0.00 173.44 220.37 314.49 -10 -10 -10 -100    0 -1000 -1000 -10
115 16 pedestrian 0 0 -10 521.96 175.83 597.34 232.27 -10 -10 -10 -100    0 -1000 -1000 -10
115 14 pedestrian 0 0 -10 204.99 180.43 247.21 241.50 -10 -10 -10 -100    0 -1000 -1000 -10
115 37 pedestrian 0 0 -10 688.30 180.51 777.61 228.57 -10 -10 -10 -100    0 -1000 -1000 -10
115 2 pedestrian 0 0 -10 774.82 171.06 825.88 293.92 -10 -10 -10 -100    0 -1000 -1000 -10
115 1 pedestrian 0 0 -10 638.85 170.70 682.14 220.27 -10 -10 -10 -100    0 -1000 -1000 -10
116 33 pedestrian 0 0 -10 561.24 166.83 627.29 193.51 -10 -10 -10 -100    0 -1000 -1000 -10
116 23 pedestrian 0 0 -10 807.14 186.15 918.78 264.33 -10 -10 -10 -100    0 -1000 -1000 -10
116 36 pedestrian 0 0 -10 0.00 172.74 202.94 324.34 -10 -10 -10 -100    0 -1000 -1000 -10
116 16 pedestrian 0 0 -10 506.64 176.81 584.87 233.08 -10 -10 -10 -100    0 -1000 -1000 -10
116 14 pedestrian 0 0 -10 175.79 181.31 217.43 243.19 -10 -10 -10 -100    0 -1000 -1000 -10
116 37 pedestrian 0 0 -10 671.48 181.08 768.18 230.61 -10 -10 -10 -100    0 -1000 -1000 -10
116 2 pedestrian 0 0 -10 764.56 173.27 817.10 294.95 -10 -10 -10 -100    0 -1000 -1000 -10
116 1 pedestrian 0 0 -10 624.33 170.55 667.13 219.96 -10 -10 -10 -100    0 -1000 -1000 -10
117 34 pedestrian 0 0 -10 733.49 187.04 818.93 246.68 -10 -10 -10 -100    0 -1000 -1000 -10
117 33 pedestrian 0 0 -10 543.32 166.02 614.29 194.31 -10 -10 -10 -100    0 -1000 -1000 -10
117 23 pedestrian 0 0 -10 797.95 187.49 910.93 267.23 -10 -10 -10 -100    0 -1000 -1000 -10
117 36 pedestrian 0 0 -10 0.00 172.49 183.81 338.53 -10 -10 -10 -100    0 -1000 -1000 -10
117 16 pedestrian 0 0 -10 489.91 178.40 570.54 235.60 -10 -10 -10 -100    0 -1000 -1000 -10
117 37 pedestrian 0 0 -10 656.73 181.60 752.69 231.05 -10 -10 -10 -100    0 -1000 -1000 -10
117 2 pedestrian 0 0 -10 754.29 174.19 808.25 293.52 -10 -10 -10 -100    0 -1000 -1000 -10
117 1 pedestrian 0 0 -10 608.88 171.54 651.03 220.35 -10 -10 -10 -100    0 -1000 -1000 -10
118 33 pedestrian 0 0 -10 531.07 165.02 599.14 193.83 -10 -10 -10 -100    0 -1000 -1000 -10
118 23 pedestrian 0 0 -10 789.40 188.38 904.96 271.16 -10 -10 -10 -100    0 -1000 -1000 -10
118 34 pedestrian 0 0 -10 723.59 187.29 809.51 249.68 -10 -10 -10 -100    0 -1000 -1000 -10
118 36 pedestrian 0 0 -10 0.00 172.53 157.62 352.58 -10 -10 -10 -100    0 -1000 -1000 -10
118 16 pedestrian 0 0 -10 473.04 179.45 556.87 237.09 -10 -10 -10 -100    0 -1000 -1000 -10
118 37 pedestrian 0 0 -10 641.49 182.46 741.92 232.73 -10 -10 -10 -100    0 -1000 -1000 -10
118 2 pedestrian 0 0 -10 743.24 174.39 799.75 295.03 -10 -10 -10 -100    0 -1000 -1000 -10
118 1 pedestrian 0 0 -10 594.23 171.55 636.78 219.83 -10 -10 -10 -100    0 -1000 -1000 -10
119 23 pedestrian 0 0 -10 781.20 188.39 897.59 273.88 -10 -10 -10 -100    0 -1000 -1000 -10
119 33 pedestrian 0 0 -10 512.54 164.20 584.75 193.63 -10 -10 -10 -100    0 -1000 -1000 -10
119 34 pedestrian 0 0 -10 711.95 188.02 801.88 251.37 -10 -10 -10 -100    0 -1000 -1000 -10
119 38 pedestrian 0 0 -10 464.06 155.71 530.50 195.26 -10 -10 -10 -100    0 -1000 -1000 -10
119 36 pedestrian 0 0 -10 0.00 169.73 128.58 368.57 -10 -10 -10 -100    0 -1000 -1000 -10
119 16 pedestrian 0 0 -10 455.27 177.52 541.87 239.82 -10 -10 -10 -100    0 -1000 -1000 -10
119 37 pedestrian 0 0 -10 625.48 181.57 729.99 232.75 -10 -10 -10 -100    0 -1000 -1000 -10
119 2 pedestrian 0 0 -10 729.80 175.72 786.00 294.35 -10 -10 -10 -100    0 -1000 -1000 -10
119 1 pedestrian 0 0 -10 579.17 172.30 620.98 219.93 -10 -10 -10 -100    0 -1000 -1000 -10
120 23 pedestrian 0 0 -10 773.12 187.47 890.66 277.10 -10 -10 -10 -100    0 -1000 -1000 -10
120 33 pedestrian 0 0 -10 497.48 159.13 566.99 192.61 -10 -10 -10 -100    0 -1000 -1000 -10
120 34 pedestrian 0 0 -10 700.10 188.05 794.06 252.73 -10 -10 -10 -100    0 -1000 -1000 -10
120 38 pedestrian 0 0 -10 445.34 153.69 519.81 195.55 -10 -10 -10 -100    0 -1000 -1000 -10
120 36 pedestrian 0 0 -10 0.00 173.56 93.32 375.00 -10 -10 -10 -100    0 -1000 -1000 -10
120 16 pedestrian 0 0 -10 436.27 179.03 522.98 240.77 -10 -10 -10 -100    0 -1000 -1000 -10
120 37 pedestrian 0 0 -10 658.28 180.72 721.87 233.37 -10 -10 -10 -100    0 -1000 -1000 -10
120 2 pedestrian 0 0 -10 713.43 172.82 774.07 293.98 -10 -10 -10 -100    0 -1000 -1000 -10
120 1 pedestrian 0 0 -10 564.27 170.88 606.93 218.96 -10 -10 -10 -100    0 -1000 -1000 -10
121 23 pedestrian 0 0 -10 764.00 188.62 884.18 280.38 -10 -10 -10 -100    0 -1000 -1000 -10
121 33 pedestrian 0 0 -10 478.04 157.01 552.55 194.17 -10 -10 -10 -100    0 -1000 -1000 -10
121 34 pedestrian 0 0 -10 688.98 188.66 784.22 255.53 -10 -10 -10 -100    0 -1000 -1000 -10
121 38 pedestrian 0 0 -10 430.66 153.20 502.85 196.62 -10 -10 -10 -100    0 -1000 -1000 -10
121 36 pedestrian 0 0 -10 0.18 176.14 47.83 375.00 -10 -10 -10 -100    0 -1000 -1000 -10
121 16 pedestrian 0 0 -10 415.30 178.09 497.72 243.01 -10 -10 -10 -100    0 -1000 -1000 -10
121 37 pedestrian 0 0 -10 644.03 180.76 710.52 233.78 -10 -10 -10 -100    0 -1000 -1000 -10
121 2 pedestrian 0 0 -10 696.35 171.82 758.00 293.47 -10 -10 -10 -100    0 -1000 -1000 -10
121 1 pedestrian 0 0 -10 548.84 171.03 591.76 218.71 -10 -10 -10 -100    0 -1000 -1000 -10
122 23 pedestrian 0 0 -10 756.34 188.54 877.44 283.46 -10 -10 -10 -100    0 -1000 -1000 -10
122 33 pedestrian 0 0 -10 463.27 153.43 537.70 194.09 -10 -10 -10 -100    0 -1000 -1000 -10
122 34 pedestrian 0 0 -10 677.98 188.68 775.41 257.58 -10 -10 -10 -100    0 -1000 -1000 -10
122 38 pedestrian 0 0 -10 415.96 154.30 491.28 196.69 -10 -10 -10 -100    0 -1000 -1000 -10
122 16 pedestrian 0 0 -10 394.15 179.24 468.84 243.23 -10 -10 -10 -100    0 -1000 -1000 -10
122 37 pedestrian 0 0 -10 631.74 179.77 700.56 234.31 -10 -10 -10 -100    0 -1000 -1000 -10
122 2 pedestrian 0 0 -10 682.75 175.51 744.27 291.98 -10 -10 -10 -100    0 -1000 -1000 -10
122 1 pedestrian 0 0 -10 534.33 170.57 576.50 217.70 -10 -10 -10 -100    0 -1000 -1000 -10
123 39 pedestrian 0 0 -10 558.04 173.99 634.29 227.80 -10 -10 -10 -100    0 -1000 -1000 -10
123 23 pedestrian 0 0 -10 747.43 188.46 870.88 285.96 -10 -10 -10 -100    0 -1000 -1000 -10
123 33 pedestrian 0 0 -10 444.35 155.34 520.66 194.90 -10 -10 -10 -100    0 -1000 -1000 -10
123 34 pedestrian 0 0 -10 665.63 188.12 766.99 259.22 -10 -10 -10 -100    0 -1000 -1000 -10
123 38 pedestrian 0 0 -10 400.57 152.30 471.90 194.78 -10 -10 -10 -100    0 -1000 -1000 -10
123 16 pedestrian 0 0 -10 372.13 180.01 451.63 247.03 -10 -10 -10 -100    0 -1000 -1000 -10
123 37 pedestrian 0 0 -10 618.66 179.89 687.42 234.80 -10 -10 -10 -100    0 -1000 -1000 -10
123 2 pedestrian 0 0 -10 665.48 174.61 728.13 291.65 -10 -10 -10 -100    0 -1000 -1000 -10
123 1 pedestrian 0 0 -10 518.60 170.56 561.83 218.42 -10 -10 -10 -100    0 -1000 -1000 -10
124 39 pedestrian 0 0 -10 542.25 173.16 619.55 228.13 -10 -10 -10 -100    0 -1000 -1000 -10
124 23 pedestrian 0 0 -10 738.97 187.69 865.61 289.26 -10 -10 -10 -100    0 -1000 -1000 -10
124 33 pedestrian 0 0 -10 432.71 154.43 507.83 194.61 -10 -10 -10 -100    0 -1000 -1000 -10
124 34 pedestrian 0 0 -10 652.84 187.20 758.22 261.82 -10 -10 -10 -100    0 -1000 -1000 -10
124 38 pedestrian 0 0 -10 386.08 152.47 459.35 196.13 -10 -10 -10 -100    0 -1000 -1000 -10
124 16 pedestrian 0 0 -10 348.44 180.42 433.44 249.25 -10 -10 -10 -100    0 -1000 -1000 -10
124 37 pedestrian 0 0 -10 604.87 179.56 677.49 236.40 -10 -10 -10 -100    0 -1000 -1000 -10
124 2 pedestrian 0 0 -10 649.49 172.93 711.40 291.41 -10 -10 -10 -100    0 -1000 -1000 -10
124 1 pedestrian 0 0 -10 503.86 171.25 545.24 218.14 -10 -10 -10 -100    0 -1000 -1000 -10
125 39 pedestrian 0 0 -10 548.90 182.21 592.51 219.89 -10 -10 -10 -100    0 -1000 -1000 -10
125 23 pedestrian 0 0 -10 729.92 187.30 859.49 292.90 -10 -10 -10 -100    0 -1000 -1000 -10
125 33 pedestrian 0 0 -10 396.53 156.24 491.67 195.47 -10 -10 -10 -100    0 -1000 -1000 -10
125 34 pedestrian 0 0 -10 643.43 187.00 750.72 264.04 -10 -10 -10 -100    0 -1000 -1000 -10
125 16 pedestrian 0 0 -10 326.20 181.50 415.78 253.05 -10 -10 -10 -100    0 -1000 -1000 -10
125 37 pedestrian 0 0 -10 592.10 178.80 668.27 236.98 -10 -10 -10 -100    0 -1000 -1000 -10
125 2 pedestrian 0 0 -10 630.51 173.29 693.01 290.42 -10 -10 -10 -100    0 -1000 -1000 -10
125 1 pedestrian 0 0 -10 488.43 171.56 530.34 219.58 -10 -10 -10 -100    0 -1000 -1000 -10
126 39 pedestrian 0 0 -10 534.73 182.34 578.89 220.39 -10 -10 -10 -100    0 -1000 -1000 -10
126 23 pedestrian 0 0 -10 721.36 186.27 854.76 296.48 -10 -10 -10 -100    0 -1000 -1000 -10
126 33 pedestrian 0 0 -10 362.52 156.24 477.26 197.55 -10 -10 -10 -100    0 -1000 -1000 -10
126 34 pedestrian 0 0 -10 630.09 186.14 744.33 265.41 -10 -10 -10 -100    0 -1000 -1000 -10
126 16 pedestrian 0 0 -10 302.11 182.96 395.57 255.71 -10 -10 -10 -100    0 -1000 -1000 -10
126 37 pedestrian 0 0 -10 578.49 178.21 654.15 237.21 -10 -10 -10 -100    0 -1000 -1000 -10
126 2 pedestrian 0 0 -10 612.09 171.78 673.68 289.33 -10 -10 -10 -100    0 -1000 -1000 -10
126 1 pedestrian 0 0 -10 473.04 171.04 514.93 219.23 -10 -10 -10 -100    0 -1000 -1000 -10
127 39 pedestrian 0 0 -10 520.65 183.02 567.02 219.91 -10 -10 -10 -100    0 -1000 -1000 -10
127 23 pedestrian 0 0 -10 715.29 184.91 851.35 300.08 -10 -10 -10 -100    0 -1000 -1000 -10
127 33 pedestrian 0 0 -10 335.10 154.30 466.16 199.85 -10 -10 -10 -100    0 -1000 -1000 -10
127 34 pedestrian 0 0 -10 616.84 185.97 735.65 267.31 -10 -10 -10 -100    0 -1000 -1000 -10
127 16 pedestrian 0 0 -10 275.55 184.56 377.61 261.59 -10 -10 -10 -100    0 -1000 -1000 -10
127 37 pedestrian 0 0 -10 565.99 177.57 641.54 238.64 -10 -10 -10 -100    0 -1000 -1000 -10
127 2 pedestrian 0 0 -10 593.16 170.67 655.58 288.13 -10 -10 -10 -100    0 -1000 -1000 -10
127 1 pedestrian 0 0 -10 458.71 172.06 499.16 218.43 -10 -10 -10 -100    0 -1000 -1000 -10
128 43 pedestrian 0 0 -10 529.81 180.06 597.81 229.90 -10 -10 -10 -100    0 -1000 -1000 -10
128 39 pedestrian 0 0 -10 512.07 182.88 556.85 220.88 -10 -10 -10 -100    0 -1000 -1000 -10
128 23 pedestrian 0 0 -10 711.26 183.53 852.14 304.84 -10 -10 -10 -100    0 -1000 -1000 -10
128 33 pedestrian 0 0 -10 318.33 154.85 452.61 201.36 -10 -10 -10 -100    0 -1000 -1000 -10
128 34 pedestrian 0 0 -10 612.44 185.43 731.49 270.52 -10 -10 -10 -100    0 -1000 -1000 -10
128 16 pedestrian 0 0 -10 251.83 185.91 360.01 266.50 -10 -10 -10 -100    0 -1000 -1000 -10
128 44 pedestrian 0 0 -10 302.96 179.55 376.42 250.71 -10 -10 -10 -100    0 -1000 -1000 -10
128 37 pedestrian 0 0 -10 556.58 177.86 633.45 240.63 -10 -10 -10 -100    0 -1000 -1000 -10
128 2 pedestrian 0 0 -10 574.96 171.04 635.10 287.55 -10 -10 -10 -100    0 -1000 -1000 -10
128 1 pedestrian 0 0 -10 447.00 172.26 487.17 218.30 -10 -10 -10 -100    0 -1000 -1000 -10
129 43 pedestrian 0 0 -10 523.03 181.56 590.62 232.29 -10 -10 -10 -100    0 -1000 -1000 -10
129 39 pedestrian 0 0 -10 504.98 184.27 550.63 222.91 -10 -10 -10 -100    0 -1000 -1000 -10
129 23 pedestrian 0 0 -10 710.58 182.73 855.03 310.82 -10 -10 -10 -100    0 -1000 -1000 -10
129 33 pedestrian 0 0 -10 294.77 157.35 444.33 205.01 -10 -10 -10 -100    0 -1000 -1000 -10
129 34 pedestrian 0 0 -10 605.38 185.82 730.10 274.36 -10 -10 -10 -100    0 -1000 -1000 -10
129 16 pedestrian 0 0 -10 230.69 188.54 343.79 273.24 -10 -10 -10 -100    0 -1000 -1000 -10
129 44 pedestrian 0 0 -10 285.42 181.59 363.27 255.18 -10 -10 -10 -100    0 -1000 -1000 -10
129 37 pedestrian 0 0 -10 548.99 178.11 628.01 243.30 -10 -10 -10 -100    0 -1000 -1000 -10
129 2 pedestrian 0 0 -10 558.77 172.09 619.40 287.70 -10 -10 -10 -100    0 -1000 -1000 -10
129 1 pedestrian 0 0 -10 437.95 169.76 477.01 216.73 -10 -10 -10 -100    0 -1000 -1000 -10
130 43 pedestrian 0 0 -10 516.25 182.49 587.06 234.97 -10 -10 -10 -100    0 -1000 -1000 -10
130 39 pedestrian 0 0 -10 499.81 185.86 544.48 226.19 -10 -10 -10 -100    0 -1000 -1000 -10
130 23 pedestrian 0 0 -10 712.12 182.32 862.03 317.06 -10 -10 -10 -100    0 -1000 -1000 -10
130 33 pedestrian 0 0 -10 285.09 158.28 435.31 207.47 -10 -10 -10 -100    0 -1000 -1000 -10
130 34 pedestrian 0 0 -10 599.96 187.23 730.80 278.45 -10 -10 -10 -100    0 -1000 -1000 -10
130 16 pedestrian 0 0 -10 206.82 191.36 331.30 281.68 -10 -10 -10 -100    0 -1000 -1000 -10
130 44 pedestrian 0 0 -10 272.91 184.16 351.83 259.29 -10 -10 -10 -100    0 -1000 -1000 -10
130 37 pedestrian 0 0 -10 542.32 178.95 624.80 246.35 -10 -10 -10 -100    0 -1000 -1000 -10
130 2 pedestrian 0 0 -10 542.86 172.82 605.48 289.45 -10 -10 -10 -100    0 -1000 -1000 -10
130 1 pedestrian 0 0 -10 430.24 169.92 468.36 217.12 -10 -10 -10 -100    0 -1000 -1000 -10
131 43 pedestrian 0 0 -10 510.46 182.91 583.07 235.95 -10 -10 -10 -100    0 -1000 -1000 -10
131 39 pedestrian 0 0 -10 495.05 187.04 541.22 226.65 -10 -10 -10 -100    0 -1000 -1000 -10
131 23 pedestrian 0 0 -10 715.95 182.27 871.11 326.55 -10 -10 -10 -100    0 -1000 -1000 -10
131 33 pedestrian 0 0 -10 279.26 160.36 431.07 210.93 -10 -10 -10 -100    0 -1000 -1000 -10
131 34 pedestrian 0 0 -10 596.81 187.91 734.12 284.10 -10 -10 -10 -100    0 -1000 -1000 -10
131 16 pedestrian 0 0 -10 190.20 196.08 319.14 288.84 -10 -10 -10 -100    0 -1000 -1000 -10
131 44 pedestrian 0 0 -10 258.50 186.46 341.84 265.62 -10 -10 -10 -100    0 -1000 -1000 -10
131 37 pedestrian 0 0 -10 540.58 180.59 621.96 249.75 -10 -10 -10 -100    0 -1000 -1000 -10
131 2 pedestrian 0 0 -10 531.93 174.24 592.80 291.53 -10 -10 -10 -100    0 -1000 -1000 -10
131 1 pedestrian 0 0 -10 425.04 171.88 462.98 218.12 -10 -10 -10 -100    0 -1000 -1000 -10
132 45 pedestrian 0 0 -10 454.21 175.21 506.01 231.84 -10 -10 -10 -100    0 -1000 -1000 -10
132 43 pedestrian 0 0 -10 507.20 184.42 580.17 238.91 -10 -10 -10 -100    0 -1000 -1000 -10
132 39 pedestrian 0 0 -10 492.25 188.72 539.34 229.06 -10 -10 -10 -100    0 -1000 -1000 -10
132 23 pedestrian 0 0 -10 723.36 182.75 884.32 336.86 -10 -10 -10 -100    0 -1000 -1000 -10
132 33 pedestrian 0 0 -10 277.46 163.07 427.48 214.27 -10 -10 -10 -100    0 -1000 -1000 -10
132 34 pedestrian 0 0 -10 595.98 187.89 740.68 289.85 -10 -10 -10 -100    0 -1000 -1000 -10
132 16 pedestrian 0 0 -10 169.83 199.72 310.02 297.43 -10 -10 -10 -100    0 -1000 -1000 -10
132 44 pedestrian 0 0 -10 245.12 188.89 337.08 272.19 -10 -10 -10 -100    0 -1000 -1000 -10
132 37 pedestrian 0 0 -10 537.05 181.56 621.71 252.49 -10 -10 -10 -100    0 -1000 -1000 -10
132 2 pedestrian 0 0 -10 522.59 175.40 583.79 294.02 -10 -10 -10 -100    0 -1000 -1000 -10
132 1 pedestrian 0 0 -10 421.65 173.71 459.92 218.91 -10 -10 -10 -100    0 -1000 -1000 -10
133 43 pedestrian 0 0 -10 512.28 183.46 586.35 239.55 -10 -10 -10 -100    0 -1000 -1000 -10
133 46 pedestrian 0 0 -10 279.22 196.37 338.93 251.05 -10 -10 -10 -100    0 -1000 -1000 -10
133 39 pedestrian 0 0 -10 490.58 189.23 539.63 232.05 -10 -10 -10 -100    0 -1000 -1000 -10
133 23 pedestrian 0 0 -10 733.50 183.62 901.26 349.59 -10 -10 -10 -100    0 -1000 -1000 -10
133 33 pedestrian 0 0 -10 271.52 164.78 422.61 215.74 -10 -10 -10 -100    0 -1000 -1000 -10
133 34 pedestrian 0 0 -10 596.14 187.87 745.87 294.34 -10 -10 -10 -100    0 -1000 -1000 -10
133 16 pedestrian 0 0 -10 154.39 201.91 300.35 303.91 -10 -10 -10 -100    0 -1000 -1000 -10
133 44 pedestrian 0 0 -10 235.13 189.86 328.69 275.59 -10 -10 -10 -100    0 -1000 -1000 -10
133 37 pedestrian 0 0 -10 538.50 182.06 624.77 254.90 -10 -10 -10 -100    0 -1000 -1000 -10
133 45 pedestrian 0 0 -10 453.01 176.21 504.45 231.68 -10 -10 -10 -100    0 -1000 -1000 -10
133 2 pedestrian 0 0 -10 514.21 175.80 574.96 295.09 -10 -10 -10 -100    0 -1000 -1000 -10
133 1 pedestrian 0 0 -10 420.10 174.30 457.68 219.90 -10 -10 -10 -100    0 -1000 -1000 -10
134 43 pedestrian 0 0 -10 512.82 182.76 588.99 239.56 -10 -10 -10 -100    0 -1000 -1000 -10
134 46 pedestrian 0 0 -10 275.90 195.31 336.51 252.17 -10 -10 -10 -100    0 -1000 -1000 -10
134 39 pedestrian 0 0 -10 493.21 187.19 542.60 231.53 -10 -10 -10 -100    0 -1000 -1000 -10
134 23 pedestrian 0 0 -10 747.60 182.03 922.26 362.37 -10 -10 -10 -100    0 -1000 -1000 -10
134 33 pedestrian 0 0 -10 273.87 164.41 423.30 214.74 -10 -10 -10 -100    0 -1000 -1000 -10
134 34 pedestrian 0 0 -10 599.71 186.38 756.29 297.99 -10 -10 -10 -100    0 -1000 -1000 -10
134 16 pedestrian 0 0 -10 135.86 200.73 294.67 308.45 -10 -10 -10 -100    0 -1000 -1000 -10
134 44 pedestrian 0 0 -10 227.78 189.42 326.29 275.50 -10 -10 -10 -100    0 -1000 -1000 -10
134 37 pedestrian 0 0 -10 539.96 180.00 629.26 255.69 -10 -10 -10 -100    0 -1000 -1000 -10
134 45 pedestrian 0 0 -10 453.78 173.85 505.58 229.14 -10 -10 -10 -100    0 -1000 -1000 -10
134 2 pedestrian 0 0 -10 508.78 175.75 569.78 292.66 -10 -10 -10 -100    0 -1000 -1000 -10
134 1 pedestrian 0 0 -10 421.19 173.02 458.60 217.61 -10 -10 -10 -100    0 -1000 -1000 -10
135 43 pedestrian 0 0 -10 519.99 180.11 595.03 238.63 -10 -10 -10 -100    0 -1000 -1000 -10
135 46 pedestrian 0 0 -10 273.48 193.81 337.57 252.93 -10 -10 -10 -100    0 -1000 -1000 -10
135 39 pedestrian 0 0 -10 496.67 184.33 545.38 228.81 -10 -10 -10 -100    0 -1000 -1000 -10
135 23 pedestrian 0 0 -10 767.67 179.90 960.80 375.00 -10 -10 -10 -100    0 -1000 -1000 -10
135 33 pedestrian 0 0 -10 274.28 162.10 424.32 212.40 -10 -10 -10 -100    0 -1000 -1000 -10
135 34 pedestrian 0 0 -10 606.63 183.16 770.25 301.80 -10 -10 -10 -100    0 -1000 -1000 -10
135 16 pedestrian 0 0 -10 122.68 198.52 290.40 311.42 -10 -10 -10 -100    0 -1000 -1000 -10
135 44 pedestrian 0 0 -10 218.31 187.02 323.49 276.10 -10 -10 -10 -100    0 -1000 -1000 -10
135 37 pedestrian 0 0 -10 542.29 177.05 635.54 254.67 -10 -10 -10 -100    0 -1000 -1000 -10
135 45 pedestrian 0 0 -10 458.14 170.50 509.05 225.75 -10 -10 -10 -100    0 -1000 -1000 -10
135 2 pedestrian 0 0 -10 506.03 175.68 564.80 289.11 -10 -10 -10 -100    0 -1000 -1000 -10
135 1 pedestrian 0 0 -10 425.25 169.53 462.05 215.83 -10 -10 -10 -100    0 -1000 -1000 -10
136 43 pedestrian 0 0 -10 524.18 177.01 600.66 236.84 -10 -10 -10 -100    0 -1000 -1000 -10
136 46 pedestrian 0 0 -10 274.39 192.83 340.08 252.39 -10 -10 -10 -100    0 -1000 -1000 -10
136 39 pedestrian 0 0 -10 499.16 181.79 551.63 225.48 -10 -10 -10 -100    0 -1000 -1000 -10
136 23 pedestrian 0 0 -10 791.25 178.37 1008.89 375.00 -10 -10 -10 -100    0 -1000 -1000 -10
136 33 pedestrian 0 0 -10 284.35 161.77 423.08 209.10 -10 -10 -10 -100    0 -1000 -1000 -10
136 34 pedestrian 0 0 -10 612.72 180.23 788.12 305.75 -10 -10 -10 -100    0 -1000 -1000 -10
136 16 pedestrian 0 0 -10 107.04 197.14 286.91 315.63 -10 -10 -10 -100    0 -1000 -1000 -10
136 44 pedestrian 0 0 -10 213.51 182.82 324.54 277.37 -10 -10 -10 -100    0 -1000 -1000 -10
136 37 pedestrian 0 0 -10 550.81 173.08 643.81 254.45 -10 -10 -10 -100    0 -1000 -1000 -10
136 45 pedestrian 0 0 -10 462.81 168.69 515.15 222.22 -10 -10 -10 -100    0 -1000 -1000 -10
136 2 pedestrian 0 0 -10 504.58 172.73 561.83 286.73 -10 -10 -10 -100    0 -1000 -1000 -10
136 1 pedestrian 0 0 -10 429.77 167.89 466.85 213.11 -10 -10 -10 -100    0 -1000 -1000 -10
137 43 pedestrian 0 0 -10 528.72 174.36 607.48 236.00 -10 -10 -10 -100    0 -1000 -1000 -10
137 46 pedestrian 0 0 -10 276.93 193.01 343.84 252.75 -10 -10 -10 -100    0 -1000 -1000 -10
137 39 pedestrian 0 0 -10 507.06 178.75 559.94 221.57 -10 -10 -10 -100    0 -1000 -1000 -10
137 23 pedestrian 0 0 -10 820.29 176.15 1068.85 375.00 -10 -10 -10 -100    0 -1000 -1000 -10
137 33 pedestrian 0 0 -10 302.18 161.34 429.26 208.57 -10 -10 -10 -100    0 -1000 -1000 -10
137 34 pedestrian 0 0 -10 621.28 177.81 808.69 311.52 -10 -10 -10 -100    0 -1000 -1000 -10
137 16 pedestrian 0 0 -10 92.60 197.35 284.93 322.08 -10 -10 -10 -100    0 -1000 -1000 -10
137 44 pedestrian 0 0 -10 208.47 182.65 326.08 279.34 -10 -10 -10 -100    0 -1000 -1000 -10
137 37 pedestrian 0 0 -10 557.47 170.92 655.12 254.48 -10 -10 -10 -100    0 -1000 -1000 -10
137 45 pedestrian 0 0 -10 469.64 166.74 526.62 218.58 -10 -10 -10 -100    0 -1000 -1000 -10
137 2 pedestrian 0 0 -10 504.92 170.06 561.29 284.67 -10 -10 -10 -100    0 -1000 -1000 -10
137 1 pedestrian 0 0 -10 437.00 166.32 472.81 211.24 -10 -10 -10 -100    0 -1000 -1000 -10
138 43 pedestrian 0 0 -10 536.30 172.83 616.91 236.82 -10 -10 -10 -100    0 -1000 -1000 -10
138 46 pedestrian 0 0 -10 279.11 192.71 348.86 253.45 -10 -10 -10 -100    0 -1000 -1000 -10
138 39 pedestrian 0 0 -10 520.81 177.70 572.94 220.94 -10 -10 -10 -100    0 -1000 -1000 -10
138 23 pedestrian 0 0 -10 857.59 174.80 1148.72 375.00 -10 -10 -10 -100    0 -1000 -1000 -10
138 33 pedestrian 0 0 -10 310.35 160.38 432.98 208.80 -10 -10 -10 -100    0 -1000 -1000 -10
138 34 pedestrian 0 0 -10 632.79 177.43 836.09 321.05 -10 -10 -10 -100    0 -1000 -1000 -10
138 16 pedestrian 0 0 -10 79.34 196.93 283.45 327.89 -10 -10 -10 -100    0 -1000 -1000 -10
138 44 pedestrian 0 0 -10 206.40 181.24 329.90 280.06 -10 -10 -10 -100    0 -1000 -1000 -10
138 37 pedestrian 0 0 -10 566.89 168.82 669.61 256.16 -10 -10 -10 -100    0 -1000 -1000 -10
138 45 pedestrian 0 0 -10 479.20 164.26 533.09 215.48 -10 -10 -10 -100    0 -1000 -1000 -10
138 2 pedestrian 0 0 -10 508.42 168.47 565.13 282.77 -10 -10 -10 -100    0 -1000 -1000 -10
138 1 pedestrian 0 0 -10 444.81 165.28 480.73 209.67 -10 -10 -10 -100    0 -1000 -1000 -10
139 47 pedestrian 0 0 -10 310.57 187.28 366.34 236.46 -10 -10 -10 -100    0 -1000 -1000 -10
139 43 pedestrian 0 0 -10 543.41 174.00 626.26 238.73 -10 -10 -10 -100    0 -1000 -1000 -10
139 46 pedestrian 0 0 -10 277.38 194.01 352.69 256.22 -10 -10 -10 -100    0 -1000 -1000 -10
139 39 pedestrian 0 0 -10 527.18 176.29 582.31 223.79 -10 -10 -10 -100    0 -1000 -1000 -10
139 23 pedestrian 0 0 -10 905.63 173.43 1242.00 375.00 -10 -10 -10 -100    0 -1000 -1000 -10
139 33 pedestrian 0 0 -10 315.88 160.09 439.01 208.86 -10 -10 -10 -100    0 -1000 -1000 -10
139 34 pedestrian 0 0 -10 644.05 177.97 867.26 333.43 -10 -10 -10 -100    0 -1000 -1000 -10
139 16 pedestrian 0 0 -10 64.40 197.39 282.46 334.96 -10 -10 -10 -100    0 -1000 -1000 -10
139 44 pedestrian 0 0 -10 202.84 180.73 332.95 283.17 -10 -10 -10 -100    0 -1000 -1000 -10
139 37 pedestrian 0 0 -10 575.01 168.44 681.12 258.93 -10 -10 -10 -100    0 -1000 -1000 -10
139 45 pedestrian 0 0 -10 486.78 163.93 537.98 214.19 -10 -10 -10 -100    0 -1000 -1000 -10
139 2 pedestrian 0 0 -10 511.97 166.21 565.88 282.77 -10 -10 -10 -100    0 -1000 -1000 -10
139 1 pedestrian 0 0 -10 453.73 165.52 489.41 209.33 -10 -10 -10 -100    0 -1000 -1000 -10
140 47 pedestrian 0 0 -10 314.58 187.95 372.86 238.06 -10 -10 -10 -100    0 -1000 -1000 -10
140 43 pedestrian 0 0 -10 551.48 173.84 638.41 242.23 -10 -10 -10 -100    0 -1000 -1000 -10
140 46 pedestrian 0 0 -10 280.44 193.91 359.45 258.76 -10 -10 -10 -100    0 -1000 -1000 -10
140 39 pedestrian 0 0 -10 537.45 178.23 591.09 227.08 -10 -10 -10 -100    0 -1000 -1000 -10
140 23 pedestrian 0 0 -10 968.49 173.76 1242.00 375.00 -10 -10 -10 -100    0 -1000 -1000 -10
140 33 pedestrian 0 0 -10 318.48 157.77 449.98 210.69 -10 -10 -10 -100    0 -1000 -1000 -10
140 34 pedestrian 0 0 -10 658.78 179.15 902.69 350.74 -10 -10 -10 -100    0 -1000 -1000 -10
140 16 pedestrian 0 0 -10 41.37 197.97 281.71 344.86 -10 -10 -10 -100    0 -1000 -1000 -10
140 44 pedestrian 0 0 -10 200.60 180.73 336.06 285.71 -10 -10 -10 -100    0 -1000 -1000 -10
140 37 pedestrian 0 0 -10 586.57 168.49 696.85 263.79 -10 -10 -10 -100    0 -1000 -1000 -10
140 45 pedestrian 0 0 -10 494.43 165.79 542.49 212.74 -10 -10 -10 -100    0 -1000 -1000 -10
140 2 pedestrian 0 0 -10 515.20 166.68 570.44 283.85 -10 -10 -10 -100    0 -1000 -1000 -10
140 1 pedestrian 0 0 -10 462.82 166.23 498.02 209.72 -10 -10 -10 -100    0 -1000 -1000 -10
141 47 pedestrian 0 0 -10 320.75 188.35 380.94 239.89 -10 -10 -10 -100    0 -1000 -1000 -10
141 43 pedestrian 0 0 -10 560.91 175.00 650.01 244.47 -10 -10 -10 -100    0 -1000 -1000 -10
141 46 pedestrian 0 0 -10 283.55 194.44 365.59 261.85 -10 -10 -10 -100    0 -1000 -1000 -10
141 39 pedestrian 0 0 -10 544.80 180.33 601.07 227.75 -10 -10 -10 -100    0 -1000 -1000 -10
141 23 pedestrian 0 0 -10 1025.00 174.12 1242.00 375.00 -10 -10 -10 -100    0 -1000 -1000 -10
141 33 pedestrian 0 0 -10 326.64 158.17 460.23 212.06 -10 -10 -10 -100    0 -1000 -1000 -10
141 34 pedestrian 0 0 -10 674.87 180.08 945.93 367.45 -10 -10 -10 -100    0 -1000 -1000 -10
141 16 pedestrian 0 0 -10 21.58 199.71 279.97 357.32 -10 -10 -10 -100    0 -1000 -1000 -10
141 44 pedestrian 0 0 -10 198.02 181.41 339.55 291.07 -10 -10 -10 -100    0 -1000 -1000 -10
141 37 pedestrian 0 0 -10 596.64 168.61 712.53 268.10 -10 -10 -10 -100    0 -1000 -1000 -10
141 2 pedestrian 0 0 -10 519.28 166.93 574.44 284.75 -10 -10 -10 -100    0 -1000 -1000 -10
141 1 pedestrian 0 0 -10 472.69 166.87 508.00 210.85 -10 -10 -10 -100    0 -1000 -1000 -10
142 47 pedestrian 0 0 -10 326.20 189.13 388.10 240.47 -10 -10 -10 -100    0 -1000 -1000 -10
142 43 pedestrian 0 0 -10 572.30 176.23 663.39 247.98 -10 -10 -10 -100    0 -1000 -1000 -10
142 46 pedestrian 0 0 -10 286.95 195.57 370.21 264.13 -10 -10 -10 -100    0 -1000 -1000 -10
142 39 pedestrian 0 0 -10 553.61 180.78 612.45 230.62 -10 -10 -10 -100    0 -1000 -1000 -10
142 23 pedestrian 0 0 -10 1088.59 176.80 1241.94 375.00 -10 -10 -10 -100    0 -1000 -1000 -10
142 33 pedestrian 0 0 -10 333.43 156.72 470.61 212.91 -10 -10 -10 -100    0 -1000 -1000 -10
142 34 pedestrian 0 0 -10 691.16 181.41 996.52 375.00 -10 -10 -10 -100    0 -1000 -1000 -10
142 16 pedestrian 0 0 -10 0.27 201.16 276.38 368.56 -10 -10 -10 -100    0 -1000 -1000 -10
142 44 pedestrian 0 0 -10 192.79 182.05 341.91 295.80 -10 -10 -10 -100    0 -1000 -1000 -10
142 37 pedestrian 0 0 -10 607.57 169.25 728.49 272.07 -10 -10 -10 -100    0 -1000 -1000 -10
142 2 pedestrian 0 0 -10 523.30 168.97 577.17 285.06 -10 -10 -10 -100    0 -1000 -1000 -10
142 1 pedestrian 0 0 -10 482.00 168.45 516.33 211.37 -10 -10 -10 -100    0 -1000 -1000 -10
143 47 pedestrian 0 0 -10 330.97 189.25 393.94 241.53 -10 -10 -10 -100    0 -1000 -1000 -10
143 43 pedestrian 0 0 -10 581.42 175.59 676.56 251.60 -10 -10 -10 -100    0 -1000 -1000 -10
143 46 pedestrian 0 0 -10 287.57 194.02 375.59 265.12 -10 -10 -10 -100    0 -1000 -1000 -10
143 39 pedestrian 0 0 -10 563.00 181.38 622.08 232.70 -10 -10 -10 -100    0 -1000 -1000 -10
143 23 pedestrian 0 0 -10 1164.85 177.93 1241.63 375.00 -10 -10 -10 -100    0 -1000 -1000 -10
143 33 pedestrian 0 0 -10 342.63 156.34 483.86 214.37 -10 -10 -10 -100    0 -1000 -1000 -10
143 34 pedestrian 0 0 -10 708.07 183.19 1058.13 375.00 -10 -10 -10 -100    0 -1000 -1000 -10
143 16 pedestrian 0 0 -10 0.00 201.07 270.86 375.00 -10 -10 -10 -100    0 -1000 -1000 -10
143 44 pedestrian 0 0 -10 184.61 181.28 344.99 299.57 -10 -10 -10 -100    0 -1000 -1000 -10
143 37 pedestrian 0 0 -10 619.09 170.08 746.15 278.64 -10 -10 -10 -100    0 -1000 -1000 -10
143 2 pedestrian 0 0 -10 526.96 167.81 581.75 285.97 -10 -10 -10 -100    0 -1000 -1000 -10
144 47 pedestrian 0 0 -10 335.37 189.32 401.24 242.28 -10 -10 -10 -100    0 -1000 -1000 -10
144 43 pedestrian 0 0 -10 591.34 175.72 690.94 254.39 -10 -10 -10 -100    0 -1000 -1000 -10
144 46 pedestrian 0 0 -10 288.60 193.36 380.77 265.90 -10 -10 -10 -100    0 -1000 -1000 -10
144 39 pedestrian 0 0 -10 572.21 181.00 634.73 235.36 -10 -10 -10 -100    0 -1000 -1000 -10
144 33 pedestrian 0 0 -10 350.90 154.58 493.64 214.53 -10 -10 -10 -100    0 -1000 -1000 -10
144 34 pedestrian 0 0 -10 726.34 184.05 1136.07 375.00 -10 -10 -10 -100    0 -1000 -1000 -10
144 16 pedestrian 0 0 -10 0.00 201.87 266.06 375.00 -10 -10 -10 -100    0 -1000 -1000 -10
144 44 pedestrian 0 0 -10 178.52 179.73 348.18 303.26 -10 -10 -10 -100    0 -1000 -1000 -10
144 37 pedestrian 0 0 -10 631.14 169.83 767.07 286.27 -10 -10 -10 -100    0 -1000 -1000 -10
144 2 pedestrian 0 0 -10 532.32 170.44 586.27 285.17 -10 -10 -10 -100    0 -1000 -1000 -10
145 47 pedestrian 0 0 -10 337.34 187.60 406.96 243.00 -10 -10 -10 -100    0 -1000 -1000 -10
145 43 pedestrian 0 0 -10 602.36 175.55 704.53 257.24 -10 -10 -10 -100    0 -1000 -1000 -10
145 46 pedestrian 0 0 -10 290.03 191.17 385.51 266.33 -10 -10 -10 -100    0 -1000 -1000 -10
145 39 pedestrian 0 0 -10 581.64 180.59 645.29 235.08 -10 -10 -10 -100    0 -1000 -1000 -10
145 33 pedestrian 0 0 -10 360.77 151.68 502.60 212.46 -10 -10 -10 -100    0 -1000 -1000 -10
145 34 pedestrian 0 0 -10 750.56 184.38 1236.19 375.00 -10 -10 -10 -100    0 -1000 -1000 -10
145 16 pedestrian 0 0 -10 0.00 200.68 257.93 375.00 -10 -10 -10 -100    0 -1000 -1000 -10
145 44 pedestrian 0 0 -10 170.72 178.20 349.29 306.95 -10 -10 -10 -100    0 -1000 -1000 -10
145 37 pedestrian 0 0 -10 643.11 169.58 789.43 293.08 -10 -10 -10 -100    0 -1000 -1000 -10
145 45 pedestrian 0 0 -10 509.85 166.52 544.25 208.38 -10 -10 -10 -100    0 -1000 -1000 -10
145 2 pedestrian 0 0 -10 538.19 167.83 591.78 284.51 -10 -10 -10 -100    0 -1000 -1000 -10
146 47 pedestrian 0 0 -10 341.93 185.82 412.76 242.18 -10 -10 -10 -100    0 -1000 -1000 -10
146 43 pedestrian 0 0 -10 611.28 173.35 717.25 258.39 -10 -10 -10 -100    0 -1000 -1000 -10
146 46 pedestrian 0 0 -10 290.98 189.80 389.30 266.94 -10 -10 -10 -100    0 -1000 -1000 -10
146 39 pedestrian 0 0 -10 592.15 178.70 656.33 235.60 -10 -10 -10 -100    0 -1000 -1000 -10
146 33 pedestrian 0 0 -10 364.76 149.64 513.95 211.51 -10 -10 -10 -100    0 -1000 -1000 -10
146 34 pedestrian 0 0 -10 774.52 185.59 1240.39 375.00 -10 -10 -10 -100    0 -1000 -1000 -10
146 16 pedestrian 0 0 -10 0.49 200.33 247.39 375.00 -10 -10 -10 -100    0 -1000 -1000 -10
146 44 pedestrian 0 0 -10 160.00 177.01 350.72 312.00 -10 -10 -10 -100    0 -1000 -1000 -10
146 37 pedestrian 0 0 -10 653.63 167.87 812.12 299.35 -10 -10 -10 -100    0 -1000 -1000 -10
146 45 pedestrian 0 0 -10 518.22 164.62 552.90 207.12 -10 -10 -10 -100    0 -1000 -1000 -10
146 2 pedestrian 0 0 -10 543.23 166.16 597.45 283.00 -10 -10 -10 -100    0 -1000 -1000 -10
147 47 pedestrian 0 0 -10 344.75 183.32 417.80 241.29 -10 -10 -10 -100    0 -1000 -1000 -10
147 43 pedestrian 0 0 -10 621.88 171.85 735.27 260.33 -10 -10 -10 -100    0 -1000 -1000 -10
147 46 pedestrian 0 0 -10 288.81 188.21 392.20 267.94 -10 -10 -10 -100    0 -1000 -1000 -10
147 39 pedestrian 0 0 -10 600.51 176.28 668.31 235.17 -10 -10 -10 -100    0 -1000 -1000 -10
147 33 pedestrian 0 0 -10 367.64 146.23 521.29 209.54 -10 -10 -10 -100    0 -1000 -1000 -10
147 34 pedestrian 0 0 -10 808.16 186.51 1242.00 375.00 -10 -10 -10 -100    0 -1000 -1000 -10
147 16 pedestrian 0 0 -10 0.00 200.03 234.29 375.00 -10 -10 -10 -100    0 -1000 -1000 -10
147 44 pedestrian 0 0 -10 148.33 174.92 350.04 317.24 -10 -10 -10 -100    0 -1000 -1000 -10
147 37 pedestrian 0 0 -10 668.32 165.80 838.05 305.80 -10 -10 -10 -100    0 -1000 -1000 -10
147 45 pedestrian 0 0 -10 527.18 162.32 562.08 204.46 -10 -10 -10 -100    0 -1000 -1000 -10
147 2 pedestrian 0 0 -10 549.37 163.20 603.50 281.05 -10 -10 -10 -100    0 -1000 -1000 -10
148 47 pedestrian 0 0 -10 347.72 182.42 421.80 241.32 -10 -10 -10 -100    0 -1000 -1000 -10
148 43 pedestrian 0 0 -10 632.58 169.91 751.32 263.61 -10 -10 -10 -100    0 -1000 -1000 -10
148 46 pedestrian 0 0 -10 284.27 187.82 394.71 269.95 -10 -10 -10 -100    0 -1000 -1000 -10
148 39 pedestrian 0 0 -10 606.91 175.42 678.49 235.16 -10 -10 -10 -100    0 -1000 -1000 -10
148 33 pedestrian 0 0 -10 366.59 143.86 531.09 207.59 -10 -10 -10 -100    0 -1000 -1000 -10
148 34 pedestrian 0 0 -10 838.70 189.88 1241.98 375.00 -10 -10 -10 -100    0 -1000 -1000 -10
148 16 pedestrian 0 0 -10 0.00 199.89 218.66 375.00 -10 -10 -10 -100    0 -1000 -1000 -10
148 44 pedestrian 0 0 -10 129.00 172.89 348.94 324.21 -10 -10 -10 -100    0 -1000 -1000 -10
148 37 pedestrian 0 0 -10 681.64 163.18 866.02 314.30 -10 -10 -10 -100    0 -1000 -1000 -10
148 45 pedestrian 0 0 -10 535.39 160.22 568.49 202.05 -10 -10 -10 -100    0 -1000 -1000 -10
148 2 pedestrian 0 0 -10 555.32 161.25 607.80 278.69 -10 -10 -10 -100    0 -1000 -1000 -10
149 47 pedestrian 0 0 -10 348.13 181.82 424.73 242.93 -10 -10 -10 -100    0 -1000 -1000 -10
149 43 pedestrian 0 0 -10 642.85 171.43 767.76 267.00 -10 -10 -10 -100    0 -1000 -1000 -10
149 46 pedestrian 0 0 -10 279.74 188.38 395.91 273.76 -10 -10 -10 -100    0 -1000 -1000 -10
149 39 pedestrian 0 0 -10 617.36 175.20 691.18 237.42 -10 -10 -10 -100    0 -1000 -1000 -10
149 33 pedestrian 0 0 -10 363.28 143.04 536.80 208.21 -10 -10 -10 -100    0 -1000 -1000 -10
149 34 pedestrian 0 0 -10 882.81 192.27 1241.57 375.00 -10 -10 -10 -100    0 -1000 -1000 -10
149 16 pedestrian 0 0 -10 0.00 202.86 199.64 375.00 -10 -10 -10 -100    0 -1000 -1000 -10
149 44 pedestrian 0 0 -10 109.99 173.46 345.50 335.31 -10 -10 -10 -100    0 -1000 -1000 -10
149 37 pedestrian 0 0 -10 696.04 162.71 898.05 327.48 -10 -10 -10 -100    0 -1000 -1000 -10
149 45 pedestrian 0 0 -10 543.12 160.12 577.67 201.56 -10 -10 -10 -100    0 -1000 -1000 -10
149 2 pedestrian 0 0 -10 559.63 162.80 611.18 279.49 -10 -10 -10 -100    0 -1000 -1000 -10
150 47 pedestrian 0 0 -10 348.22 183.59 427.32 246.99 -10 -10 -10 -100    0 -1000 -1000 -10
150 43 pedestrian 0 0 -10 653.48 173.53 785.01 274.16 -10 -10 -10 -100    0 -1000 -1000 -10
150 46 pedestrian 0 0 -10 272.58 189.91 396.83 280.08 -10 -10 -10 -100    0 -1000 -1000 -10
150 39 pedestrian 0 0 -10 627.03 176.47 703.01 241.64 -10 -10 -10 -100    0 -1000 -1000 -10
150 33 pedestrian 0 0 -10 363.59 144.22 544.26 210.53 -10 -10 -10 -100    0 -1000 -1000 -10
150 34 pedestrian 0 0 -10 941.93 194.33 1241.90 375.00 -10 -10 -10 -100    0 -1000 -1000 -10
150 16 pedestrian 0 0 -10 0.00 207.70 172.25 375.00 -10 -10 -10 -100    0 -1000 -1000 -10
150 44 pedestrian 0 0 -10 82.45 175.66 341.77 349.10 -10 -10 -10 -100    0 -1000 -1000 -10
150 37 pedestrian 0 0 -10 709.47 163.31 933.00 343.48 -10 -10 -10 -100    0 -1000 -1000 -10
150 45 pedestrian 0 0 -10 549.90 161.47 583.84 203.44 -10 -10 -10 -100    0 -1000 -1000 -10
150 2 pedestrian 0 0 -10 565.43 164.23 616.54 281.80 -10 -10 -10 -100    0 -1000 -1000 -10
151 47 pedestrian 0 0 -10 348.28 186.15 429.59 251.01 -10 -10 -10 -100    0 -1000 -1000 -10
151 43 pedestrian 0 0 -10 663.70 175.31 802.57 282.87 -10 -10 -10 -100    0 -1000 -1000 -10
151 46 pedestrian 0 0 -10 265.85 192.06 396.89 286.95 -10 -10 -10 -100    0 -1000 -1000 -10
151 39 pedestrian 0 0 -10 633.85 179.71 715.15 247.44 -10 -10 -10 -100    0 -1000 -1000 -10
151 33 pedestrian 0 0 -10 364.35 147.17 550.70 213.26 -10 -10 -10 -100    0 -1000 -1000 -10
151 34 pedestrian 0 0 -10 1032.23 192.10 1242.00 375.00 -10 -10 -10 -100    0 -1000 -1000 -10
151 16 pedestrian 0 0 -10 0.00 212.21 143.21 375.00 -10 -10 -10 -100    0 -1000 -1000 -10
151 44 pedestrian 0 0 -10 49.02 177.10 336.56 364.19 -10 -10 -10 -100    0 -1000 -1000 -10
151 37 pedestrian 0 0 -10 723.53 164.29 975.22 362.85 -10 -10 -10 -100    0 -1000 -1000 -10
151 45 pedestrian 0 0 -10 556.71 164.00 590.48 206.15 -10 -10 -10 -100    0 -1000 -1000 -10
151 2 pedestrian 0 0 -10 569.96 167.16 619.32 283.82 -10 -10 -10 -100    0 -1000 -1000 -10
152 47 pedestrian 0 0 -10 345.32 189.00 430.37 255.87 -10 -10 -10 -100    0 -1000 -1000 -10
152 43 pedestrian 0 0 -10 672.29 176.43 821.10 291.02 -10 -10 -10 -100    0 -1000 -1000 -10
152 46 pedestrian 0 0 -10 257.69 195.62 394.54 294.05 -10 -10 -10 -100    0 -1000 -1000 -10
152 39 pedestrian 0 0 -10 641.88 181.16 725.35 251.90 -10 -10 -10 -100    0 -1000 -1000 -10
152 33 pedestrian 0 0 -10 359.69 149.51 555.57 216.18 -10 -10 -10 -100    0 -1000 -1000 -10
152 34 pedestrian 0 0 -10 1116.86 144.70 1242.00 361.76 -10 -10 -10 -100    0 -1000 -1000 -10
152 16 pedestrian 0 0 -10 0.00 211.87 107.31 375.00 -10 -10 -10 -100    0 -1000 -1000 -10
152 44 pedestrian 0 0 -10 14.18 180.49 327.37 375.00 -10 -10 -10 -100    0 -1000 -1000 -10
152 37 pedestrian 0 0 -10 739.43 166.47 1024.30 375.00 -10 -10 -10 -100    0 -1000 -1000 -10
152 45 pedestrian 0 0 -10 562.46 166.66 594.80 207.58 -10 -10 -10 -100    0 -1000 -1000 -10
152 2 pedestrian 0 0 -10 574.10 168.83 621.82 285.41 -10 -10 -10 -100    0 -1000 -1000 -10
153 47 pedestrian 0 0 -10 342.84 189.62 430.44 259.04 -10 -10 -10 -100    0 -1000 -1000 -10
153 43 pedestrian 0 0 -10 681.96 176.96 839.32 300.23 -10 -10 -10 -100    0 -1000 -1000 -10
153 46 pedestrian 0 0 -10 246.33 197.11 392.69 301.48 -10 -10 -10 -100    0 -1000 -1000 -10
153 39 pedestrian 0 0 -10 648.36 181.69 736.62 256.49 -10 -10 -10 -100    0 -1000 -1000 -10
153 33 pedestrian 0 0 -10 352.52 150.07 560.55 217.74 -10 -10 -10 -100    0 -1000 -1000 -10
153 34 pedestrian 0 0 -10 1184.84 142.07 1241.50 375.00 -10 -10 -10 -100    0 -1000 -1000 -10
153 16 pedestrian 0 0 -10 0.13 221.47 60.61 375.00 -10 -10 -10 -100    0 -1000 -1000 -10
153 44 pedestrian 0 0 -10 0.00 180.63 318.71 375.00 -10 -10 -10 -100    0 -1000 -1000 -10
153 37 pedestrian 0 0 -10 755.61 164.29 1082.90 375.00 -10 -10 -10 -100    0 -1000 -1000 -10
153 45 pedestrian 0 0 -10 567.57 168.26 599.86 207.82 -10 -10 -10 -100    0 -1000 -1000 -10
153 2 pedestrian 0 0 -10 576.87 169.31 624.59 286.70 -10 -10 -10 -100    0 -1000 -1000 -10
