0 6 pedestrian 0 0 -10 564.05 163.47 581.88 181.23 -10 -10 -10 -100    0 -1000 -1000 -10
0 5 pedestrian 0 0 -10 505.37 164.75 553.05 183.30 -10 -10 -10 -100    0 -1000 -1000 -10
0 4 pedestrian 0 0 -10 945.37 149.12 972.49 220.58 -10 -10 -10 -100    0 -1000 -1000 -10
0 3 pedestrian 0 0 -10 495.46 163.77 522.74 191.42 -10 -10 -10 -100    0 -1000 -1000 -10
0 2 pedestrian 0 0 -10 479.09 160.44 514.13 195.22 -10 -10 -10 -100    0 -1000 -1000 -10
0 1 pedestrian 0 0 -10 1029.36 148.03 1191.75 211.30 -10 -10 -10 -100    0 -1000 -1000 -10
1 6 pedestrian 0 0 -10 564.12 163.94 581.40 181.27 -10 -10 -10 -100    0 -1000 -1000 -10
1 5 pedestrian 0 0 -10 504.96 164.47 554.47 182.90 -10 -10 -10 -100    0 -1000 -1000 -10
1 4 pedestrian 0 0 -10 945.14 148.83 972.81 220.76 -10 -10 -10 -100    0 -1000 -1000 -10
1 3 pedestrian 0 0 -10 494.86 164.01 523.07 191.49 -10 -10 -10 -100    0 -1000 -1000 -10
1 2 pedestrian 0 0 -10 479.00 160.49 513.80 195.14 -10 -10 -10 -100    0 -1000 -1000 -10
1 1 pedestrian 0 0 -10 1030.38 148.07 1192.20 211.59 -10 -10 -10 -100    0 -1000 -1000 -10
2 6 pedestrian 0 0 -10 564.48 163.85 581.83 181.34 -10 -10 -10 -100    0 -1000 -1000 -10
2 5 pedestrian 0 0 -10 504.82 164.51 555.74 182.66 -10 -10 -10 -100    0 -1000 -1000 -10
2 4 pedestrian 0 0 -10 945.15 148.72 972.70 220.40 -10 -10 -10 -100    0 -1000 -1000 -10
2 3 pedestrian 0 0 -10 494.81 164.10 523.12 191.36 -10 -10 -10 -100    0 -1000 -1000 -10
2 2 pedestrian 0 0 -10 479.11 160.55 513.81 195.28 -10 -10 -10 -100    0 -1000 -1000 -10
2 1 pedestrian 0 0 -10 1030.85 148.18 1190.48 211.79 -10 -10 -10 -100    0 -1000 -1000 -10
3 6 pedestrian 0 0 -10 564.46 164.17 581.90 181.44 -10 -10 -10 -100    0 -1000 -1000 -10
3 5 pedestrian 0 0 -10 505.36 164.57 556.52 182.86 -10 -10 -10 -100    0 -1000 -1000 -10
3 4 pedestrian 0 0 -10 945.50 149.62 972.91 219.89 -10 -10 -10 -100    0 -1000 -1000 -10
3 3 pedestrian 0 0 -10 495.71 163.98 524.61 191.17 -10 -10 -10 -100    0 -1000 -1000 -10
3 2 pedestrian 0 0 -10 479.22 160.59 514.10 195.31 -10 -10 -10 -100    0 -1000 -1000 -10
3 1 pedestrian 0 0 -10 1031.88 148.20 1193.37 211.75 -10 -10 -10 -100    0 -1000 -1000 -10
4 6 pedestrian 0 0 -10 564.71 164.42 582.01 181.63 -10 -10 -10 -100    0 -1000 -1000 -10
4 5 pedestrian 0 0 -10 505.92 164.66 556.22 183.81 -10 -10 -10 -100    0 -1000 -1000 -10
4 4 pedestrian 0 0 -10 945.31 150.26 973.10 220.18 -10 -10 -10 -100    0 -1000 -1000 -10
4 3 pedestrian 0 0 -10 495.85 163.77 524.21 191.44 -10 -10 -10 -100    0 -1000 -1000 -10
4 2 pedestrian 0 0 -10 479.41 160.46 514.82 195.70 -10 -10 -10 -100    0 -1000 -1000 -10
4 1 pedestrian 0 0 -10 1033.25 148.45 1195.83 211.63 -10 -10 -10 -100    0 -1000 -1000 -10
5 6 pedestrian 0 0 -10 564.30 164.37 581.86 181.87 -10 -10 -10 -100    0 -1000 -1000 -10
5 5 pedestrian 0 0 -10 507.91 164.44 557.49 183.70 -10 -10 -10 -100    0 -1000 -1000 -10
5 4 pedestrian 0 0 -10 944.56 150.57 971.99 221.12 -10 -10 -10 -100    0 -1000 -1000 -10
5 3 pedestrian 0 0 -10 496.52 163.76 524.21 191.50 -10 -10 -10 -100    0 -1000 -1000 -10
5 2 pedestrian 0 0 -10 479.77 160.46 515.02 196.32 -10 -10 -10 -100    0 -1000 -1000 -10
5 1 pedestrian 0 0 -10 1034.13 148.37 1195.39 211.35 -10 -10 -10 -100    0 -1000 -1000 -10
6 6 pedestrian 0 0 -10 565.22 163.99 583.31 182.65 -10 -10 -10 -100    0 -1000 -1000 -10
6 5 pedestrian 0 0 -10 512.16 165.51 558.75 184.93 -10 -10 -10 -100    0 -1000 -1000 -10
6 4 pedestrian 0 0 -10 943.35 150.82 971.36 221.74 -10 -10 -10 -100    0 -1000 -1000 -10
6 3 pedestrian 0 0 -10 497.52 164.89 526.17 192.17 -10 -10 -10 -100    0 -1000 -1000 -10
6 2 pedestrian 0 0 -10 479.94 161.14 514.00 196.50 -10 -10 -10 -100    0 -1000 -1000 -10
6 1 pedestrian 0 0 -10 1035.19 148.48 1197.34 212.71 -10 -10 -10 -100    0 -1000 -1000 -10
7 6 pedestrian 0 0 -10 564.50 165.80 582.66 183.52 -10 -10 -10 -100    0 -1000 -1000 -10
7 5 pedestrian 0 0 -10 514.96 166.15 558.95 184.76 -10 -10 -10 -100    0 -1000 -1000 -10
7 4 pedestrian 0 0 -10 943.66 151.25 969.11 221.87 -10 -10 -10 -100    0 -1000 -1000 -10
7 3 pedestrian 0 0 -10 497.31 165.38 525.07 192.59 -10 -10 -10 -100    0 -1000 -1000 -10
7 2 pedestrian 0 0 -10 480.79 161.64 514.82 197.37 -10 -10 -10 -100    0 -1000 -1000 -10
7 1 pedestrian 0 0 -10 1037.95 150.82 1194.25 213.28 -10 -10 -10 -100    0 -1000 -1000 -10
8 6 pedestrian 0 0 -10 565.85 167.13 583.29 184.65 -10 -10 -10 -100    0 -1000 -1000 -10
8 5 pedestrian 0 0 -10 515.91 167.37 559.39 186.72 -10 -10 -10 -100    0 -1000 -1000 -10
8 4 pedestrian 0 0 -10 942.51 151.29 966.29 222.58 -10 -10 -10 -100    0 -1000 -1000 -10
8 3 pedestrian 0 0 -10 497.31 166.69 525.69 194.38 -10 -10 -10 -100    0 -1000 -1000 -10
8 2 pedestrian 0 0 -10 480.84 162.57 514.82 198.69 -10 -10 -10 -100    0 -1000 -1000 -10
8 1 pedestrian 0 0 -10 1037.79 151.77 1201.26 214.65 -10 -10 -10 -100    0 -1000 -1000 -10
9 6 pedestrian 0 0 -10 566.11 166.49 583.40 184.36 -10 -10 -10 -100    0 -1000 -1000 -10
9 5 pedestrian 0 0 -10 518.84 166.88 559.72 186.16 -10 -10 -10 -100    0 -1000 -1000 -10
9 4 pedestrian 0 0 -10 940.83 151.64 964.17 222.98 -10 -10 -10 -100    0 -1000 -1000 -10
9 3 pedestrian 0 0 -10 497.97 165.57 526.93 193.80 -10 -10 -10 -100    0 -1000 -1000 -10
9 2 pedestrian 0 0 -10 481.39 162.30 515.89 199.04 -10 -10 -10 -100    0 -1000 -1000 -10
9 1 pedestrian 0 0 -10 1041.82 152.02 1204.61 215.10 -10 -10 -10 -100    0 -1000 -1000 -10
10 6 pedestrian 0 0 -10 566.80 165.22 585.13 184.97 -10 -10 -10 -100    0 -1000 -1000 -10
10 5 pedestrian 0 0 -10 527.32 166.83 562.44 185.73 -10 -10 -10 -100    0 -1000 -1000 -10
10 3 pedestrian 0 0 -10 498.57 165.42 528.14 193.87 -10 -10 -10 -100    0 -1000 -1000 -10
10 2 pedestrian 0 0 -10 482.15 162.41 515.98 198.73 -10 -10 -10 -100    0 -1000 -1000 -10
10 1 pedestrian 0 0 -10 1046.50 152.44 1205.68 214.96 -10 -10 -10 -100    0 -1000 -1000 -10
11 7 pedestrian 0 0 -10 933.42 152.24 956.29 224.43 -10 -10 -10 -100    0 -1000 -1000 -10
11 6 pedestrian 0 0 -10 568.23 164.84 586.75 184.68 -10 -10 -10 -100    0 -1000 -1000 -10
11 5 pedestrian 0 0 -10 529.99 166.75 564.68 185.43 -10 -10 -10 -100    0 -1000 -1000 -10
11 3 pedestrian 0 0 -10 499.27 164.70 528.51 194.40 -10 -10 -10 -100    0 -1000 -1000 -10
11 2 pedestrian 0 0 -10 482.69 162.38 517.03 198.20 -10 -10 -10 -100    0 -1000 -1000 -10
11 1 pedestrian 0 0 -10 1050.08 152.05 1211.11 215.87 -10 -10 -10 -100    0 -1000 -1000 -10
12 7 pedestrian 0 0 -10 934.41 152.44 957.21 224.03 -10 -10 -10 -100    0 -1000 -1000 -10
12 6 pedestrian 0 0 -10 570.56 165.17 588.60 184.27 -10 -10 -10 -100    0 -1000 -1000 -10
12 5 pedestrian 0 0 -10 529.69 166.43 566.02 184.20 -10 -10 -10 -100    0 -1000 -1000 -10
12 3 pedestrian 0 0 -10 502.17 166.58 530.46 194.21 -10 -10 -10 -100    0 -1000 -1000 -10
12 2 pedestrian 0 0 -10 484.05 162.19 518.92 198.07 -10 -10 -10 -100    0 -1000 -1000 -10
12 1 pedestrian 0 0 -10 1053.74 151.63 1220.32 216.17 -10 -10 -10 -100    0 -1000 -1000 -10
13 7 pedestrian 0 0 -10 935.42 152.43 958.21 224.79 -10 -10 -10 -100    0 -1000 -1000 -10
13 6 pedestrian 0 0 -10 571.87 165.69 589.93 184.53 -10 -10 -10 -100    0 -1000 -1000 -10
13 5 pedestrian 0 0 -10 530.07 166.89 567.42 184.69 -10 -10 -10 -100    0 -1000 -1000 -10
13 3 pedestrian 0 0 -10 503.82 166.71 533.89 194.48 -10 -10 -10 -100    0 -1000 -1000 -10
13 2 pedestrian 0 0 -10 485.87 162.36 520.77 198.41 -10 -10 -10 -100    0 -1000 -1000 -10
13 1 pedestrian 0 0 -10 1062.04 152.70 1223.52 217.57 -10 -10 -10 -100    0 -1000 -1000 -10
14 6 pedestrian 0 0 -10 574.17 164.21 592.81 185.49 -10 -10 -10 -100    0 -1000 -1000 -10
14 5 pedestrian 0 0 -10 535.18 167.09 568.31 185.32 -10 -10 -10 -100    0 -1000 -1000 -10
14 3 pedestrian 0 0 -10 505.79 167.60 535.40 194.38 -10 -10 -10 -100    0 -1000 -1000 -10
14 2 pedestrian 0 0 -10 487.68 162.45 522.10 198.77 -10 -10 -10 -100    0 -1000 -1000 -10
14 1 pedestrian 0 0 -10 1070.26 152.78 1223.95 218.40 -10 -10 -10 -100    0 -1000 -1000 -10
15 6 pedestrian 0 0 -10 576.72 164.23 596.01 185.34 -10 -10 -10 -100    0 -1000 -1000 -10
15 5 pedestrian 0 0 -10 541.82 166.53 573.52 185.14 -10 -10 -10 -100    0 -1000 -1000 -10
15 3 pedestrian 0 0 -10 508.16 166.65 537.49 193.71 -10 -10 -10 -100    0 -1000 -1000 -10
15 2 pedestrian 0 0 -10 489.70 162.01 523.71 198.59 -10 -10 -10 -100    0 -1000 -1000 -10
15 1 pedestrian 0 0 -10 1074.85 152.39 1223.88 218.05 -10 -10 -10 -100    0 -1000 -1000 -10
16 6 pedestrian 0 0 -10 578.20 163.75 597.79 185.71 -10 -10 -10 -100    0 -1000 -1000 -10
16 5 pedestrian 0 0 -10 545.22 166.06 574.19 184.76 -10 -10 -10 -100    0 -1000 -1000 -10
16 3 pedestrian 0 0 -10 512.07 166.82 540.80 193.52 -10 -10 -10 -100    0 -1000 -1000 -10
16 2 pedestrian 0 0 -10 493.02 161.68 527.21 198.66 -10 -10 -10 -100    0 -1000 -1000 -10
16 1 pedestrian 0 0 -10 1083.74 151.66 1223.77 219.03 -10 -10 -10 -100    0 -1000 -1000 -10
17 7 pedestrian 0 0 -10 945.90 151.48 974.01 225.81 -10 -10 -10 -100    0 -1000 -1000 -10
17 6 pedestrian 0 0 -10 582.11 163.08 600.80 185.47 -10 -10 -10 -100    0 -1000 -1000 -10
17 5 pedestrian 0 0 -10 548.97 166.45 571.94 184.80 -10 -10 -10 -100    0 -1000 -1000 -10
17 3 pedestrian 0 0 -10 514.98 166.85 545.35 193.71 -10 -10 -10 -100    0 -1000 -1000 -10
17 2 pedestrian 0 0 -10 496.09 161.16 530.83 199.73 -10 -10 -10 -100    0 -1000 -1000 -10
17 1 pedestrian 0 0 -10 1090.19 151.98 1223.74 218.93 -10 -10 -10 -100    0 -1000 -1000 -10
18 6 pedestrian 0 0 -10 586.28 162.47 606.37 185.49 -10 -10 -10 -100    0 -1000 -1000 -10
18 5 pedestrian 0 0 -10 551.78 165.60 578.42 184.17 -10 -10 -10 -100    0 -1000 -1000 -10
18 3 pedestrian 0 0 -10 518.50 165.86 548.05 193.16 -10 -10 -10 -100    0 -1000 -1000 -10
18 2 pedestrian 0 0 -10 499.03 161.92 534.58 199.69 -10 -10 -10 -100    0 -1000 -1000 -10
18 1 pedestrian 0 0 -10 1098.88 152.05 1224.00 219.72 -10 -10 -10 -100    0 -1000 -1000 -10
19 6 pedestrian 0 0 -10 588.44 162.86 607.89 184.52 -10 -10 -10 -100    0 -1000 -1000 -10
19 5 pedestrian 0 0 -10 556.97 165.04 580.73 184.87 -10 -10 -10 -100    0 -1000 -1000 -10
19 3 pedestrian 0 0 -10 520.85 165.77 550.17 192.62 -10 -10 -10 -100    0 -1000 -1000 -10
19 2 pedestrian 0 0 -10 502.05 161.92 537.77 199.51 -10 -10 -10 -100    0 -1000 -1000 -10
19 1 pedestrian 0 0 -10 1108.11 152.24 1223.88 219.52 -10 -10 -10 -100    0 -1000 -1000 -10
20 9 pedestrian 0 0 -10 957.44 151.33 987.54 226.66 -10 -10 -10 -100    0 -1000 -1000 -10
20 6 pedestrian 0 0 -10 592.97 161.54 612.39 184.41 -10 -10 -10 -100    0 -1000 -1000 -10
20 5 pedestrian 0 0 -10 560.94 164.83 583.66 184.21 -10 -10 -10 -100    0 -1000 -1000 -10
20 3 pedestrian 0 0 -10 524.86 163.55 553.16 193.15 -10 -10 -10 -100    0 -1000 -1000 -10
20 2 pedestrian 0 0 -10 505.36 159.74 541.58 198.94 -10 -10 -10 -100    0 -1000 -1000 -10
20 1 pedestrian 0 0 -10 1119.35 153.55 1224.00 219.80 -10 -10 -10 -100    0 -1000 -1000 -10
21 9 pedestrian 0 0 -10 963.90 151.44 993.71 226.68 -10 -10 -10 -100    0 -1000 -1000 -10
21 6 pedestrian 0 0 -10 598.11 160.81 616.67 183.24 -10 -10 -10 -100    0 -1000 -1000 -10
21 5 pedestrian 0 0 -10 565.25 162.60 588.42 182.20 -10 -10 -10 -100    0 -1000 -1000 -10
21 3 pedestrian 0 0 -10 528.88 162.23 558.23 190.35 -10 -10 -10 -100    0 -1000 -1000 -10
21 2 pedestrian 0 0 -10 508.73 158.43 545.44 198.54 -10 -10 -10 -100    0 -1000 -1000 -10
21 1 pedestrian 0 0 -10 1129.34 151.87 1223.99 221.32 -10 -10 -10 -100    0 -1000 -1000 -10
22 9 pedestrian 0 0 -10 970.28 151.38 997.65 226.98 -10 -10 -10 -100    0 -1000 -1000 -10
22 6 pedestrian 0 0 -10 602.27 160.66 620.76 183.02 -10 -10 -10 -100    0 -1000 -1000 -10
22 5 pedestrian 0 0 -10 569.61 162.91 591.54 180.76 -10 -10 -10 -100    0 -1000 -1000 -10
22 3 pedestrian 0 0 -10 531.78 162.59 560.31 191.01 -10 -10 -10 -100    0 -1000 -1000 -10
22 2 pedestrian 0 0 -10 512.57 158.21 549.68 198.23 -10 -10 -10 -100    0 -1000 -1000 -10
22 1 pedestrian 0 0 -10 1139.88 153.76 1223.95 221.00 -10 -10 -10 -100    0 -1000 -1000 -10
23 9 pedestrian 0 0 -10 979.64 153.73 1006.60 226.16 -10 -10 -10 -100    0 -1000 -1000 -10
23 6 pedestrian 0 0 -10 606.18 160.50 626.21 183.92 -10 -10 -10 -100    0 -1000 -1000 -10
23 5 pedestrian 0 0 -10 574.29 163.30 595.52 182.11 -10 -10 -10 -100    0 -1000 -1000 -10
23 3 pedestrian 0 0 -10 534.48 162.79 563.53 190.16 -10 -10 -10 -100    0 -1000 -1000 -10
23 2 pedestrian 0 0 -10 515.64 158.01 553.53 197.82 -10 -10 -10 -100    0 -1000 -1000 -10
23 1 pedestrian 0 0 -10 1151.18 152.85 1223.75 223.10 -10 -10 -10 -100    0 -1000 -1000 -10
24 9 pedestrian 0 0 -10 978.72 150.41 1002.46 225.98 -10 -10 -10 -100    0 -1000 -1000 -10
24 6 pedestrian 0 0 -10 609.70 160.14 629.03 184.08 -10 -10 -10 -100    0 -1000 -1000 -10
24 5 pedestrian 0 0 -10 577.95 162.71 599.25 182.10 -10 -10 -10 -100    0 -1000 -1000 -10
24 3 pedestrian 0 0 -10 539.33 163.54 567.59 192.45 -10 -10 -10 -100    0 -1000 -1000 -10
24 2 pedestrian 0 0 -10 519.55 158.62 558.17 198.96 -10 -10 -10 -100    0 -1000 -1000 -10
24 1 pedestrian 0 0 -10 1163.10 151.68 1223.80 223.90 -10 -10 -10 -100    0 -1000 -1000 -10
25 9 pedestrian 0 0 -10 983.42 150.20 1011.89 227.33 -10 -10 -10 -100    0 -1000 -1000 -10
25 6 pedestrian 0 0 -10 614.46 160.99 634.32 184.33 -10 -10 -10 -100    0 -1000 -1000 -10
25 5 pedestrian 0 0 -10 580.41 164.22 603.74 181.96 -10 -10 -10 -100    0 -1000 -1000 -10
25 3 pedestrian 0 0 -10 540.69 164.42 573.40 193.51 -10 -10 -10 -100    0 -1000 -1000 -10
25 2 pedestrian 0 0 -10 522.11 158.46 561.97 200.32 -10 -10 -10 -100    0 -1000 -1000 -10
25 1 pedestrian 0 0 -10 1175.36 152.57 1223.71 223.08 -10 -10 -10 -100    0 -1000 -1000 -10
26 9 pedestrian 0 0 -10 989.54 150.20 1019.40 227.38 -10 -10 -10 -100    0 -1000 -1000 -10
26 6 pedestrian 0 0 -10 617.08 159.77 637.62 183.61 -10 -10 -10 -100    0 -1000 -1000 -10
26 5 pedestrian 0 0 -10 583.28 163.50 608.62 181.01 -10 -10 -10 -100    0 -1000 -1000 -10
26 3 pedestrian 0 0 -10 546.46 162.87 576.73 193.09 -10 -10 -10 -100    0 -1000 -1000 -10
26 2 pedestrian 0 0 -10 525.52 158.32 564.47 200.27 -10 -10 -10 -100    0 -1000 -1000 -10
26 1 pedestrian 0 0 -10 1185.79 152.92 1223.70 223.60 -10 -10 -10 -100    0 -1000 -1000 -10
27 9 pedestrian 0 0 -10 995.91 149.94 1027.11 227.24 -10 -10 -10 -100    0 -1000 -1000 -10
27 6 pedestrian 0 0 -10 620.30 159.86 639.98 182.87 -10 -10 -10 -100    0 -1000 -1000 -10
27 5 pedestrian 0 0 -10 584.84 163.87 610.34 181.94 -10 -10 -10 -100    0 -1000 -1000 -10
27 3 pedestrian 0 0 -10 548.67 162.40 579.44 193.34 -10 -10 -10 -100    0 -1000 -1000 -10
27 2 pedestrian 0 0 -10 527.71 157.43 567.81 200.43 -10 -10 -10 -100    0 -1000 -1000 -10
27 1 pedestrian 0 0 -10 1196.96 152.29 1223.78 223.88 -10 -10 -10 -100    0 -1000 -1000 -10
28 9 pedestrian 0 0 -10 1002.42 150.14 1032.16 228.40 -10 -10 -10 -100    0 -1000 -1000 -10
28 6 pedestrian 0 0 -10 622.73 159.83 642.64 183.55 -10 -10 -10 -100    0 -1000 -1000 -10
28 5 pedestrian 0 0 -10 585.77 163.43 611.17 182.29 -10 -10 -10 -100    0 -1000 -1000 -10
28 3 pedestrian 0 0 -10 550.83 162.47 581.12 193.06 -10 -10 -10 -100    0 -1000 -1000 -10
28 2 pedestrian 0 0 -10 528.15 157.51 569.13 201.07 -10 -10 -10 -100    0 -1000 -1000 -10
29 9 pedestrian 0 0 -10 1006.69 151.53 1037.08 230.04 -10 -10 -10 -100    0 -1000 -1000 -10
29 6 pedestrian 0 0 -10 623.20 161.16 643.84 184.66 -10 -10 -10 -100    0 -1000 -1000 -10
29 5 pedestrian 0 0 -10 583.95 165.55 611.66 184.06 -10 -10 -10 -100    0 -1000 -1000 -10
29 3 pedestrian 0 0 -10 549.78 163.13 580.37 195.02 -10 -10 -10 -100    0 -1000 -1000 -10
29 2 pedestrian 0 0 -10 527.14 158.89 568.97 203.21 -10 -10 -10 -100    0 -1000 -1000 -10
30 9 pedestrian 0 0 -10 988.89 151.93 1025.90 233.60 -10 -10 -10 -100    0 -1000 -1000 -10
30 6 pedestrian 0 0 -10 621.49 165.18 641.31 186.56 -10 -10 -10 -100    0 -1000 -1000 -10
30 5 pedestrian 0 0 -10 578.34 166.48 607.69 185.36 -10 -10 -10 -100    0 -1000 -1000 -10
30 3 pedestrian 0 0 -10 547.91 165.17 578.36 197.92 -10 -10 -10 -100    0 -1000 -1000 -10
30 2 pedestrian 0 0 -10 523.88 160.88 566.75 206.54 -10 -10 -10 -100    0 -1000 -1000 -10
31 10 pedestrian 0 0 -10 995.78 154.61 1026.11 232.80 -10 -10 -10 -100    0 -1000 -1000 -10
31 9 pedestrian 0 0 -10 987.21 153.78 1020.89 232.18 -10 -10 -10 -100    0 -1000 -1000 -10
31 6 pedestrian 0 0 -10 617.87 164.27 638.32 188.40 -10 -10 -10 -100    0 -1000 -1000 -10
31 5 pedestrian 0 0 -10 574.65 167.82 602.69 186.24 -10 -10 -10 -100    0 -1000 -1000 -10
31 3 pedestrian 0 0 -10 542.04 166.47 574.37 199.96 -10 -10 -10 -100    0 -1000 -1000 -10
31 2 pedestrian 0 0 -10 518.65 162.29 562.38 208.22 -10 -10 -10 -100    0 -1000 -1000 -10
32 10 pedestrian 0 0 -10 990.56 155.37 1020.94 232.49 -10 -10 -10 -100    0 -1000 -1000 -10
32 9 pedestrian 0 0 -10 983.83 154.49 1014.32 232.21 -10 -10 -10 -100    0 -1000 -1000 -10
32 6 pedestrian 0 0 -10 612.75 164.86 632.26 187.83 -10 -10 -10 -100    0 -1000 -1000 -10
32 5 pedestrian 0 0 -10 563.27 168.23 594.22 186.35 -10 -10 -10 -100    0 -1000 -1000 -10
32 3 pedestrian 0 0 -10 534.74 166.74 567.23 198.82 -10 -10 -10 -100    0 -1000 -1000 -10
32 2 pedestrian 0 0 -10 511.36 162.15 555.07 209.50 -10 -10 -10 -100    0 -1000 -1000 -10
33 6 pedestrian 0 0 -10 607.27 165.98 627.20 187.81 -10 -10 -10 -100    0 -1000 -1000 -10
33 5 pedestrian 0 0 -10 554.37 166.36 586.70 185.19 -10 -10 -10 -100    0 -1000 -1000 -10
33 3 pedestrian 0 0 -10 527.80 165.25 560.50 200.05 -10 -10 -10 -100    0 -1000 -1000 -10
33 2 pedestrian 0 0 -10 502.34 160.87 548.33 209.80 -10 -10 -10 -100    0 -1000 -1000 -10
34 6 pedestrian 0 0 -10 598.92 164.00 619.18 185.15 -10 -10 -10 -100    0 -1000 -1000 -10
34 5 pedestrian 0 0 -10 545.08 165.98 579.21 184.15 -10 -10 -10 -100    0 -1000 -1000 -10
34 3 pedestrian 0 0 -10 517.08 164.10 551.03 198.17 -10 -10 -10 -100    0 -1000 -1000 -10
34 2 pedestrian 0 0 -10 491.75 159.44 538.79 210.22 -10 -10 -10 -100    0 -1000 -1000 -10
35 6 pedestrian 0 0 -10 589.73 163.43 611.21 185.18 -10 -10 -10 -100    0 -1000 -1000 -10
35 5 pedestrian 0 0 -10 527.02 165.37 567.15 184.13 -10 -10 -10 -100    0 -1000 -1000 -10
35 3 pedestrian 0 0 -10 504.85 164.36 541.17 199.61 -10 -10 -10 -100    0 -1000 -1000 -10
35 2 pedestrian 0 0 -10 479.79 159.11 527.44 211.43 -10 -10 -10 -100    0 -1000 -1000 -10
36 5 pedestrian 0 0 -10 517.45 166.58 555.33 186.04 -10 -10 -10 -100    0 -1000 -1000 -10
36 3 pedestrian 0 0 -10 491.35 165.67 528.92 201.63 -10 -10 -10 -100    0 -1000 -1000 -10
36 2 pedestrian 0 0 -10 465.87 160.61 515.85 214.41 -10 -10 -10 -100    0 -1000 -1000 -10
37 5 pedestrian 0 0 -10 501.26 167.37 542.17 186.23 -10 -10 -10 -100    0 -1000 -1000 -10
37 3 pedestrian 0 0 -10 476.28 166.69 514.62 203.06 -10 -10 -10 -100    0 -1000 -1000 -10
37 2 pedestrian 0 0 -10 450.17 160.70 502.70 216.86 -10 -10 -10 -100    0 -1000 -1000 -10
37 1 pedestrian 0 0 -10 1182.58 154.25 1223.72 232.32 -10 -10 -10 -100    0 -1000 -1000 -10
38 5 pedestrian 0 0 -10 484.21 166.91 526.58 184.57 -10 -10 -10 -100    0 -1000 -1000 -10
38 3 pedestrian 0 0 -10 460.41 165.06 500.41 202.91 -10 -10 -10 -100    0 -1000 -1000 -10
38 2 pedestrian 0 0 -10 433.25 160.15 487.76 218.13 -10 -10 -10 -100    0 -1000 -1000 -10
38 1 pedestrian 0 0 -10 1168.26 151.52 1223.83 232.11 -10 -10 -10 -100    0 -1000 -1000 -10
39 5 pedestrian 0 0 -10 464.54 164.70 506.66 182.94 -10 -10 -10 -100    0 -1000 -1000 -10
39 3 pedestrian 0 0 -10 442.58 163.02 484.06 201.67 -10 -10 -10 -100    0 -1000 -1000 -10
39 2 pedestrian 0 0 -10 414.26 157.72 471.05 218.14 -10 -10 -10 -100    0 -1000 -1000 -10
39 1 pedestrian 0 0 -10 1155.58 149.38 1223.75 231.12 -10 -10 -10 -100    0 -1000 -1000 -10
40 5 pedestrian 0 0 -10 445.72 163.65 486.29 181.74 -10 -10 -10 -100    0 -1000 -1000 -10
40 3 pedestrian 0 0 -10 424.15 161.30 466.61 200.76 -10 -10 -10 -100    0 -1000 -1000 -10
40 2 pedestrian 0 0 -10 393.94 156.19 453.04 218.81 -10 -10 -10 -100    0 -1000 -1000 -10
40 1 pedestrian 0 0 -10 1139.05 152.15 1223.83 233.32 -10 -10 -10 -100    0 -1000 -1000 -10
41 5 pedestrian 0 0 -10 426.99 164.11 467.85 183.22 -10 -10 -10 -100    0 -1000 -1000 -10
41 3 pedestrian 0 0 -10 403.04 162.30 447.95 202.29 -10 -10 -10 -100    0 -1000 -1000 -10
41 2 pedestrian 0 0 -10 372.14 157.48 434.11 223.12 -10 -10 -10 -100    0 -1000 -1000 -10
41 1 pedestrian 0 0 -10 1122.73 153.50 1223.50 234.39 -10 -10 -10 -100    0 -1000 -1000 -10
42 5 pedestrian 0 0 -10 401.34 166.17 449.01 185.20 -10 -10 -10 -100    0 -1000 -1000 -10
42 2 pedestrian 0 0 -10 346.05 159.00 412.67 228.31 -10 -10 -10 -100    0 -1000 -1000 -10
42 1 pedestrian 0 0 -10 1102.75 154.69 1223.96 235.60 -10 -10 -10 -100    0 -1000 -1000 -10
43 2 pedestrian 0 0 -10 349.75 166.75 398.69 209.50 -10 -10 -10 -100    0 -1000 -1000 -10
43 1 pedestrian 0 0 -10 1078.62 155.01 1224.00 236.85 -10 -10 -10 -100    0 -1000 -1000 -10
44 2 pedestrian 0 0 -10 316.85 167.03 369.64 212.72 -10 -10 -10 -100    0 -1000 -1000 -10
44 1 pedestrian 0 0 -10 1052.70 157.24 1224.00 239.09 -10 -10 -10 -100    0 -1000 -1000 -10
45 2 pedestrian 0 0 -10 304.98 169.72 355.76 191.03 -10 -10 -10 -100    0 -1000 -1000 -10
45 1 pedestrian 0 0 -10 1023.99 160.34 1214.81 242.09 -10 -10 -10 -100    0 -1000 -1000 -10
46 26 pedestrian 0 0 -10 196.36 164.52 293.13 255.04 -10 -10 -10 -100    0 -1000 -1000 -10
46 1 pedestrian 0 0 -10 991.17 161.14 1174.63 242.46 -10 -10 -10 -100    0 -1000 -1000 -10
47 26 pedestrian 0 0 -10 141.17 166.58 254.50 263.55 -10 -10 -10 -100    0 -1000 -1000 -10
47 1 pedestrian 0 0 -10 957.83 162.44 1136.05 243.65 -10 -10 -10 -100    0 -1000 -1000 -10
48 26 pedestrian 0 0 -10 77.35 167.96 209.54 272.76 -10 -10 -10 -100    0 -1000 -1000 -10
48 1 pedestrian 0 0 -10 923.63 162.39 1095.51 243.28 -10 -10 -10 -100    0 -1000 -1000 -10
49 26 pedestrian 0 0 -10 4.29 166.00 159.16 282.49 -10 -10 -10 -100    0 -1000 -1000 -10
49 1 pedestrian 0 0 -10 884.68 161.38 1052.95 241.17 -10 -10 -10 -100    0 -1000 -1000 -10
50 26 pedestrian 0 0 -10 0.00 166.65 106.41 292.87 -10 -10 -10 -100    0 -1000 -1000 -10
50 1 pedestrian 0 0 -10 848.19 159.04 1011.64 238.45 -10 -10 -10 -100    0 -1000 -1000 -10
51 26 pedestrian 0 0 -10 0.02 171.74 44.45 308.57 -10 -10 -10 -100    0 -1000 -1000 -10
51 1 pedestrian 0 0 -10 812.32 156.81 971.34 236.00 -10 -10 -10 -100    0 -1000 -1000 -10
52 1 pedestrian 0 0 -10 775.63 155.63 931.84 234.86 -10 -10 -10 -100    0 -1000 -1000 -10
53 1 pedestrian 0 0 -10 740.05 154.36 894.10 234.29 -10 -10 -10 -100    0 -1000 -1000 -10
54 1 pedestrian 0 0 -10 702.32 154.30 855.02 234.97 -10 -10 -10 -100    0 -1000 -1000 -10
55 1 pedestrian 0 0 -10 666.94 154.76 818.00 236.25 -10 -10 -10 -100    0 -1000 -1000 -10
56 1 pedestrian 0 0 -10 629.31 156.18 780.75 238.89 -10 -10 -10 -100    0 -1000 -1000 -10
57 1 pedestrian 0 0 -10 591.17 157.89 744.11 242.14 -10 -10 -10 -100    0 -1000 -1000 -10
58 1 pedestrian 0 0 -10 549.16 160.31 706.49 247.17 -10 -10 -10 -100    0 -1000 -1000 -10
59 1 pedestrian 0 0 -10 504.62 161.18 666.14 251.59 -10 -10 -10 -100    0 -1000 -1000 -10
60 1 pedestrian 0 0 -10 459.45 160.68 625.96 254.18 -10 -10 -10 -100    0 -1000 -1000 -10
61 1 pedestrian 0 0 -10 410.01 158.91 585.97 257.21 -10 -10 -10 -100    0 -1000 -1000 -10
62 1 pedestrian 0 0 -10 357.53 158.36 540.74 260.80 -10 -10 -10 -100    0 -1000 -1000 -10
63 71 pedestrian 0 0 -10 1036.08 193.55 1177.68 307.69 -10 -10 -10 -100    0 -1000 -1000 -10
63 70 pedestrian 0 0 -10 1030.73 184.06 1142.90 271.09 -10 -10 -10 -100    0 -1000 -1000 -10
63 1 pedestrian 0 0 -10 298.86 157.25 498.17 265.36 -10 -10 -10 -100    0 -1000 -1000 -10
64 71 pedestrian 0 0 -10 996.58 194.92 1141.59 309.83 -10 -10 -10 -100    0 -1000 -1000 -10
64 70 pedestrian 0 0 -10 987.18 184.74 1095.89 269.19 -10 -10 -10 -100    0 -1000 -1000 -10
64 1 pedestrian 0 0 -10 235.86 156.10 450.81 269.76 -10 -10 -10 -100    0 -1000 -1000 -10
65 71 pedestrian 0 0 -10 961.05 195.09 1111.22 311.01 -10 -10 -10 -100    0 -1000 -1000 -10
65 70 pedestrian 0 0 -10 946.82 184.86 1055.20 270.00 -10 -10 -10 -100    0 -1000 -1000 -10
65 1 pedestrian 0 0 -10 164.43 153.39 403.69 275.58 -10 -10 -10 -100    0 -1000 -1000 -10
66 71 pedestrian 0 0 -10 927.30 193.75 1084.36 311.48 -10 -10 -10 -100    0 -1000 -1000 -10
66 70 pedestrian 0 0 -10 910.59 182.82 1018.80 268.71 -10 -10 -10 -100    0 -1000 -1000 -10
66 1 pedestrian 0 0 -10 88.72 150.69 351.63 282.60 -10 -10 -10 -100    0 -1000 -1000 -10
67 71 pedestrian 0 0 -10 900.22 189.90 1057.46 312.12 -10 -10 -10 -100    0 -1000 -1000 -10
67 70 pedestrian 0 0 -10 878.98 179.66 988.92 265.09 -10 -10 -10 -100    0 -1000 -1000 -10
67 1 pedestrian 0 0 -10 4.24 148.12 299.74 292.85 -10 -10 -10 -100    0 -1000 -1000 -10
68 71 pedestrian 0 0 -10 874.79 187.87 1042.03 313.05 -10 -10 -10 -100    0 -1000 -1000 -10
68 70 pedestrian 0 0 -10 851.79 176.81 960.55 261.68 -10 -10 -10 -100    0 -1000 -1000 -10
68 1 pedestrian 0 0 -10 0.00 144.09 248.29 302.45 -10 -10 -10 -100    0 -1000 -1000 -10
69 71 pedestrian 0 0 -10 854.56 187.82 1028.21 317.35 -10 -10 -10 -100    0 -1000 -1000 -10
69 70 pedestrian 0 0 -10 828.77 176.45 941.59 260.93 -10 -10 -10 -100    0 -1000 -1000 -10
69 1 pedestrian 0 0 -10 0.00 139.63 195.16 307.48 -10 -10 -10 -100    0 -1000 -1000 -10
70 71 pedestrian 0 0 -10 841.71 188.08 1022.10 324.54 -10 -10 -10 -100    0 -1000 -1000 -10
70 70 pedestrian 0 0 -10 811.43 175.28 927.05 262.79 -10 -10 -10 -100    0 -1000 -1000 -10
70 1 pedestrian 0 0 -10 0.14 137.86 138.81 305.16 -10 -10 -10 -100    0 -1000 -1000 -10
71 71 pedestrian 0 0 -10 830.92 186.76 1026.93 330.89 -10 -10 -10 -100    0 -1000 -1000 -10
71 70 pedestrian 0 0 -10 798.90 173.83 919.63 264.64 -10 -10 -10 -100    0 -1000 -1000 -10
71 82 pedestrian 0 0 -10 755.66 170.32 801.83 218.60 -10 -10 -10 -100    0 -1000 -1000 -10
71 1 pedestrian 0 0 -10 0.00 144.24 82.38 311.68 -10 -10 -10 -100    0 -1000 -1000 -10
72 71 pedestrian 0 0 -10 822.83 188.37 1035.64 341.20 -10 -10 -10 -100    0 -1000 -1000 -10
72 70 pedestrian 0 0 -10 787.19 175.89 914.43 268.16 -10 -10 -10 -100    0 -1000 -1000 -10
72 32 pedestrian 0 0 -10 737.32 173.65 778.77 213.47 -10 -10 -10 -100    0 -1000 -1000 -10
72 82 pedestrian 0 0 -10 741.88 171.77 787.31 220.87 -10 -10 -10 -100    0 -1000 -1000 -10
73 71 pedestrian 0 0 -10 819.31 189.27 1050.77 354.40 -10 -10 -10 -100    0 -1000 -1000 -10
73 70 pedestrian 0 0 -10 778.29 176.90 912.60 274.33 -10 -10 -10 -100    0 -1000 -1000 -10
73 82 pedestrian 0 0 -10 730.71 173.91 776.60 224.11 -10 -10 -10 -100    0 -1000 -1000 -10
74 71 pedestrian 0 0 -10 818.62 190.70 1076.51 368.67 -10 -10 -10 -100    0 -1000 -1000 -10
74 70 pedestrian 0 0 -10 772.85 177.64 917.58 281.54 -10 -10 -10 -100    0 -1000 -1000 -10
74 55 pedestrian 0 0 -10 390.97 170.44 458.03 216.18 -10 -10 -10 -100    0 -1000 -1000 -10
74 82 pedestrian 0 0 -10 722.73 174.24 769.98 225.96 -10 -10 -10 -100    0 -1000 -1000 -10
75 71 pedestrian 0 0 -10 819.42 190.37 1111.28 370.00 -10 -10 -10 -100    0 -1000 -1000 -10
75 70 pedestrian 0 0 -10 769.12 177.19 923.05 284.83 -10 -10 -10 -100    0 -1000 -1000 -10
75 55 pedestrian 0 0 -10 368.84 168.83 440.03 216.86 -10 -10 -10 -100    0 -1000 -1000 -10
75 46 pedestrian 0 0 -10 549.42 175.18 579.01 197.63 -10 -10 -10 -100    0 -1000 -1000 -10
75 82 pedestrian 0 0 -10 716.51 173.37 764.89 225.65 -10 -10 -10 -100    0 -1000 -1000 -10
76 71 pedestrian 0 0 -10 822.28 192.88 1155.57 370.00 -10 -10 -10 -100    0 -1000 -1000 -10
76 70 pedestrian 0 0 -10 767.32 178.26 933.91 293.22 -10 -10 -10 -100    0 -1000 -1000 -10
76 55 pedestrian 0 0 -10 343.94 168.88 421.15 219.43 -10 -10 -10 -100    0 -1000 -1000 -10
76 32 pedestrian 0 0 -10 702.29 177.38 747.91 220.10 -10 -10 -10 -100    0 -1000 -1000 -10
76 89 pedestrian 0 0 -10 636.66 172.84 664.75 189.15 -10 -10 -10 -100    0 -1000 -1000 -10
76 82 pedestrian 0 0 -10 710.53 174.47 760.43 228.68 -10 -10 -10 -100    0 -1000 -1000 -10
77 71 pedestrian 0 0 -10 831.93 193.78 1211.26 370.00 -10 -10 -10 -100    0 -1000 -1000 -10
77 70 pedestrian 0 0 -10 766.24 178.52 943.27 299.02 -10 -10 -10 -100    0 -1000 -1000 -10
77 55 pedestrian 0 0 -10 319.44 168.82 400.38 222.26 -10 -10 -10 -100    0 -1000 -1000 -10
77 32 pedestrian 0 0 -10 695.72 177.83 744.37 223.54 -10 -10 -10 -100    0 -1000 -1000 -10
77 89 pedestrian 0 0 -10 627.57 172.51 653.62 189.63 -10 -10 -10 -100    0 -1000 -1000 -10
77 82 pedestrian 0 0 -10 704.54 174.89 754.84 230.38 -10 -10 -10 -100    0 -1000 -1000 -10
78 71 pedestrian 0 0 -10 840.20 195.53 1224.00 370.00 -10 -10 -10 -100    0 -1000 -1000 -10
78 70 pedestrian 0 0 -10 767.34 179.24 954.57 307.38 -10 -10 -10 -100    0 -1000 -1000 -10
78 55 pedestrian 0 0 -10 292.17 169.61 381.53 226.07 -10 -10 -10 -100    0 -1000 -1000 -10
78 32 pedestrian 0 0 -10 692.08 178.58 741.56 224.33 -10 -10 -10 -100    0 -1000 -1000 -10
78 93 pedestrian 0 0 -10 672.69 179.34 699.43 207.46 -10 -10 -10 -100    0 -1000 -1000 -10
78 89 pedestrian 0 0 -10 620.05 173.96 649.23 189.41 -10 -10 -10 -100    0 -1000 -1000 -10
78 82 pedestrian 0 0 -10 701.41 175.66 752.61 233.02 -10 -10 -10 -100    0 -1000 -1000 -10
79 71 pedestrian 0 0 -10 855.05 196.14 1224.00 370.00 -10 -10 -10 -100    0 -1000 -1000 -10
79 70 pedestrian 0 0 -10 769.31 178.49 972.08 318.27 -10 -10 -10 -100    0 -1000 -1000 -10
79 55 pedestrian 0 0 -10 265.77 168.70 363.82 228.46 -10 -10 -10 -100    0 -1000 -1000 -10
79 50 pedestrian 0 0 -10 506.45 177.01 539.35 198.49 -10 -10 -10 -100    0 -1000 -1000 -10
79 32 pedestrian 0 0 -10 690.46 178.22 740.23 224.53 -10 -10 -10 -100    0 -1000 -1000 -10
79 93 pedestrian 0 0 -10 663.55 177.75 691.34 204.63 -10 -10 -10 -100    0 -1000 -1000 -10
79 89 pedestrian 0 0 -10 616.15 173.22 644.58 188.90 -10 -10 -10 -100    0 -1000 -1000 -10
79 82 pedestrian 0 0 -10 697.79 175.33 751.47 234.87 -10 -10 -10 -100    0 -1000 -1000 -10
80 71 pedestrian 0 0 -10 877.62 197.15 1224.00 370.00 -10 -10 -10 -100    0 -1000 -1000 -10
80 70 pedestrian 0 0 -10 774.57 177.83 993.67 327.78 -10 -10 -10 -100    0 -1000 -1000 -10
80 55 pedestrian 0 0 -10 238.49 168.23 343.10 231.55 -10 -10 -10 -100    0 -1000 -1000 -10
80 50 pedestrian 0 0 -10 498.22 176.40 533.39 198.05 -10 -10 -10 -100    0 -1000 -1000 -10
80 32 pedestrian 0 0 -10 687.48 177.21 738.98 224.99 -10 -10 -10 -100    0 -1000 -1000 -10
80 93 pedestrian 0 0 -10 659.79 177.07 682.77 201.34 -10 -10 -10 -100    0 -1000 -1000 -10
80 16 pedestrian 0 0 -10 677.44 177.82 716.23 215.46 -10 -10 -10 -100    0 -1000 -1000 -10
80 89 pedestrian 0 0 -10 612.93 172.10 640.86 187.69 -10 -10 -10 -100    0 -1000 -1000 -10
80 82 pedestrian 0 0 -10 696.93 174.25 752.54 235.96 -10 -10 -10 -100    0 -1000 -1000 -10
81 55 pedestrian 0 0 -10 208.06 167.26 322.67 234.86 -10 -10 -10 -100    0 -1000 -1000 -10
81 50 pedestrian 0 0 -10 488.94 175.10 525.57 198.42 -10 -10 -10 -100    0 -1000 -1000 -10
81 70 pedestrian 0 0 -10 780.46 177.52 1028.81 339.22 -10 -10 -10 -100    0 -1000 -1000 -10
81 71 pedestrian 0 0 -10 903.72 199.59 1223.87 370.00 -10 -10 -10 -100    0 -1000 -1000 -10
81 32 pedestrian 0 0 -10 685.70 175.73 738.85 225.09 -10 -10 -10 -100    0 -1000 -1000 -10
81 93 pedestrian 0 0 -10 657.37 176.47 681.83 201.77 -10 -10 -10 -100    0 -1000 -1000 -10
81 16 pedestrian 0 0 -10 673.51 176.59 710.06 214.72 -10 -10 -10 -100    0 -1000 -1000 -10
81 89 pedestrian 0 0 -10 608.94 171.85 638.52 187.60 -10 -10 -10 -100    0 -1000 -1000 -10
81 82 pedestrian 0 0 -10 696.34 172.66 753.68 236.79 -10 -10 -10 -100    0 -1000 -1000 -10
82 55 pedestrian 0 0 -10 173.41 166.95 301.28 239.44 -10 -10 -10 -100    0 -1000 -1000 -10
82 50 pedestrian 0 0 -10 478.63 175.23 514.76 199.22 -10 -10 -10 -100    0 -1000 -1000 -10
82 70 pedestrian 0 0 -10 787.42 177.63 1067.60 358.42 -10 -10 -10 -100    0 -1000 -1000 -10
82 71 pedestrian 0 0 -10 937.49 200.59 1224.00 370.00 -10 -10 -10 -100    0 -1000 -1000 -10
82 32 pedestrian 0 0 -10 684.30 175.67 739.84 226.34 -10 -10 -10 -100    0 -1000 -1000 -10
82 93 pedestrian 0 0 -10 655.98 176.50 681.96 203.02 -10 -10 -10 -100    0 -1000 -1000 -10
82 16 pedestrian 0 0 -10 670.56 176.40 710.59 215.39 -10 -10 -10 -100    0 -1000 -1000 -10
82 89 pedestrian 0 0 -10 604.28 171.33 636.14 187.03 -10 -10 -10 -100    0 -1000 -1000 -10
82 82 pedestrian 0 0 -10 695.97 172.66 755.42 238.80 -10 -10 -10 -100    0 -1000 -1000 -10
83 55 pedestrian 0 0 -10 135.51 166.88 276.11 244.71 -10 -10 -10 -100    0 -1000 -1000 -10
83 50 pedestrian 0 0 -10 470.95 175.60 507.19 199.03 -10 -10 -10 -100    0 -1000 -1000 -10
83 70 pedestrian 0 0 -10 794.67 177.89 1120.83 370.00 -10 -10 -10 -100    0 -1000 -1000 -10
83 71 pedestrian 0 0 -10 992.85 209.13 1224.00 370.00 -10 -10 -10 -100    0 -1000 -1000 -10
83 32 pedestrian 0 0 -10 683.63 175.68 740.82 230.38 -10 -10 -10 -100    0 -1000 -1000 -10
83 93 pedestrian 0 0 -10 655.44 177.40 683.70 204.12 -10 -10 -10 -100    0 -1000 -1000 -10
83 16 pedestrian 0 0 -10 668.69 176.91 710.97 216.67 -10 -10 -10 -100    0 -1000 -1000 -10
83 89 pedestrian 0 0 -10 602.36 170.81 632.99 186.90 -10 -10 -10 -100    0 -1000 -1000 -10
83 82 pedestrian 0 0 -10 695.63 172.45 758.23 240.88 -10 -10 -10 -100    0 -1000 -1000 -10
84 55 pedestrian 0 0 -10 92.18 166.98 250.51 251.06 -10 -10 -10 -100    0 -1000 -1000 -10
84 50 pedestrian 0 0 -10 462.07 175.60 499.49 199.92 -10 -10 -10 -100    0 -1000 -1000 -10
84 70 pedestrian 0 0 -10 802.79 178.86 1187.71 370.00 -10 -10 -10 -100    0 -1000 -1000 -10
84 71 pedestrian 0 0 -10 1091.54 219.10 1223.96 370.00 -10 -10 -10 -100    0 -1000 -1000 -10
84 32 pedestrian 0 0 -10 682.41 175.36 742.78 230.99 -10 -10 -10 -100    0 -1000 -1000 -10
84 93 pedestrian 0 0 -10 653.40 176.57 683.15 205.02 -10 -10 -10 -100    0 -1000 -1000 -10
84 16 pedestrian 0 0 -10 669.02 176.26 713.27 218.09 -10 -10 -10 -100    0 -1000 -1000 -10
84 89 pedestrian 0 0 -10 600.26 170.11 631.65 186.37 -10 -10 -10 -100    0 -1000 -1000 -10
84 82 pedestrian 0 0 -10 696.70 172.20 762.64 243.23 -10 -10 -10 -100    0 -1000 -1000 -10
85 55 pedestrian 0 0 -10 43.73 166.99 222.46 258.81 -10 -10 -10 -100    0 -1000 -1000 -10
85 50 pedestrian 0 0 -10 453.55 174.99 494.17 200.28 -10 -10 -10 -100    0 -1000 -1000 -10
85 70 pedestrian 0 0 -10 819.53 177.29 1224.00 370.00 -10 -10 -10 -100    0 -1000 -1000 -10
85 32 pedestrian 0 0 -10 682.88 174.74 746.32 231.54 -10 -10 -10 -100    0 -1000 -1000 -10
85 93 pedestrian 0 0 -10 654.58 175.16 688.21 204.72 -10 -10 -10 -100    0 -1000 -1000 -10
85 16 pedestrian 0 0 -10 669.92 175.50 715.54 218.43 -10 -10 -10 -100    0 -1000 -1000 -10
85 89 pedestrian 0 0 -10 598.66 168.81 631.92 185.60 -10 -10 -10 -100    0 -1000 -1000 -10
85 82 pedestrian 0 0 -10 699.31 170.96 768.14 245.35 -10 -10 -10 -100    0 -1000 -1000 -10
86 55 pedestrian 0 0 -10 0.00 167.49 191.38 268.47 -10 -10 -10 -100    0 -1000 -1000 -10
86 50 pedestrian 0 0 -10 445.95 175.91 488.52 202.10 -10 -10 -10 -100    0 -1000 -1000 -10
86 70 pedestrian 0 0 -10 841.53 177.44 1224.00 370.00 -10 -10 -10 -100    0 -1000 -1000 -10
86 32 pedestrian 0 0 -10 684.58 175.08 751.62 233.92 -10 -10 -10 -100    0 -1000 -1000 -10
86 93 pedestrian 0 0 -10 653.01 175.80 684.96 204.86 -10 -10 -10 -100    0 -1000 -1000 -10
86 16 pedestrian 0 0 -10 670.08 176.06 717.71 220.46 -10 -10 -10 -100    0 -1000 -1000 -10
86 89 pedestrian 0 0 -10 597.53 169.84 630.18 186.11 -10 -10 -10 -100    0 -1000 -1000 -10
86 82 pedestrian 0 0 -10 702.58 171.16 776.17 248.99 -10 -10 -10 -100    0 -1000 -1000 -10
87 55 pedestrian 0 0 -10 0.00 169.61 154.18 279.24 -10 -10 -10 -100    0 -1000 -1000 -10
87 50 pedestrian 0 0 -10 438.01 177.23 481.83 204.85 -10 -10 -10 -100    0 -1000 -1000 -10
87 70 pedestrian 0 0 -10 867.64 177.94 1223.88 370.00 -10 -10 -10 -100    0 -1000 -1000 -10
87 32 pedestrian 0 0 -10 686.11 175.93 756.47 236.01 -10 -10 -10 -100    0 -1000 -1000 -10
87 93 pedestrian 0 0 -10 653.32 176.27 687.18 205.34 -10 -10 -10 -100    0 -1000 -1000 -10
87 16 pedestrian 0 0 -10 671.82 176.68 720.57 222.90 -10 -10 -10 -100    0 -1000 -1000 -10
87 89 pedestrian 0 0 -10 595.87 170.06 630.47 187.40 -10 -10 -10 -100    0 -1000 -1000 -10
87 82 pedestrian 0 0 -10 706.70 171.29 783.26 252.68 -10 -10 -10 -100    0 -1000 -1000 -10
88 55 pedestrian 0 0 -10 0.00 170.61 110.48 286.24 -10 -10 -10 -100    0 -1000 -1000 -10
88 50 pedestrian 0 0 -10 429.13 177.74 475.18 206.98 -10 -10 -10 -100    0 -1000 -1000 -10
88 70 pedestrian 0 0 -10 901.90 179.12 1223.77 370.00 -10 -10 -10 -100    0 -1000 -1000 -10
88 32 pedestrian 0 0 -10 689.76 176.04 762.08 238.67 -10 -10 -10 -100    0 -1000 -1000 -10
88 93 pedestrian 0 0 -10 653.23 176.86 688.21 205.98 -10 -10 -10 -100    0 -1000 -1000 -10
88 16 pedestrian 0 0 -10 672.95 177.25 723.61 223.85 -10 -10 -10 -100    0 -1000 -1000 -10
88 89 pedestrian 0 0 -10 596.26 171.07 632.90 188.12 -10 -10 -10 -100    0 -1000 -1000 -10
88 82 pedestrian 0 0 -10 711.72 171.36 793.64 257.43 -10 -10 -10 -100    0 -1000 -1000 -10
89 50 pedestrian 0 0 -10 420.04 178.09 468.52 208.22 -10 -10 -10 -100    0 -1000 -1000 -10
89 70 pedestrian 0 0 -10 943.58 178.77 1224.00 370.00 -10 -10 -10 -100    0 -1000 -1000 -10
89 55 pedestrian 0 0 -10 0.15 172.48 60.43 291.17 -10 -10 -10 -100    0 -1000 -1000 -10
89 32 pedestrian 0 0 -10 692.63 175.22 770.03 241.28 -10 -10 -10 -100    0 -1000 -1000 -10
89 93 pedestrian 0 0 -10 653.26 176.87 685.77 205.46 -10 -10 -10 -100    0 -1000 -1000 -10
89 16 pedestrian 0 0 -10 676.29 177.31 727.48 226.51 -10 -10 -10 -100    0 -1000 -1000 -10
89 89 pedestrian 0 0 -10 597.00 171.39 634.31 188.92 -10 -10 -10 -100    0 -1000 -1000 -10
89 82 pedestrian 0 0 -10 716.87 171.29 804.64 262.07 -10 -10 -10 -100    0 -1000 -1000 -10
90 70 pedestrian 0 0 -10 1001.69 180.74 1224.00 370.00 -10 -10 -10 -100    0 -1000 -1000 -10
90 50 pedestrian 0 0 -10 410.10 179.34 461.66 211.28 -10 -10 -10 -100    0 -1000 -1000 -10
90 32 pedestrian 0 0 -10 696.07 174.75 775.70 244.18 -10 -10 -10 -100    0 -1000 -1000 -10
90 93 pedestrian 0 0 -10 653.52 177.27 684.49 205.52 -10 -10 -10 -100    0 -1000 -1000 -10
90 16 pedestrian 0 0 -10 677.19 177.08 732.48 228.70 -10 -10 -10 -100    0 -1000 -1000 -10
90 89 pedestrian 0 0 -10 595.22 171.37 636.38 189.63 -10 -10 -10 -100    0 -1000 -1000 -10
90 82 pedestrian 0 0 -10 721.23 170.81 817.69 268.05 -10 -10 -10 -100    0 -1000 -1000 -10
91 50 pedestrian 0 0 -10 399.78 179.92 452.79 213.14 -10 -10 -10 -100    0 -1000 -1000 -10
91 32 pedestrian 0 0 -10 698.05 174.02 783.29 246.86 -10 -10 -10 -100    0 -1000 -1000 -10
91 70 pedestrian 0 0 -10 1083.86 190.71 1224.00 370.00 -10 -10 -10 -100    0 -1000 -1000 -10
91 93 pedestrian 0 0 -10 653.19 175.91 681.48 205.40 -10 -10 -10 -100    0 -1000 -1000 -10
91 16 pedestrian 0 0 -10 678.70 175.96 736.07 229.93 -10 -10 -10 -100    0 -1000 -1000 -10
91 89 pedestrian 0 0 -10 594.47 171.33 636.80 189.90 -10 -10 -10 -100    0 -1000 -1000 -10
91 82 pedestrian 0 0 -10 727.34 170.70 831.90 274.91 -10 -10 -10 -100    0 -1000 -1000 -10
92 50 pedestrian 0 0 -10 386.39 180.31 444.70 215.91 -10 -10 -10 -100    0 -1000 -1000 -10
92 95 pedestrian 0 0 -10 667.69 175.67 718.73 221.21 -10 -10 -10 -100    0 -1000 -1000 -10
92 32 pedestrian 0 0 -10 702.41 173.72 794.80 250.63 -10 -10 -10 -100    0 -1000 -1000 -10
92 93 pedestrian 0 0 -10 653.41 176.05 685.11 206.70 -10 -10 -10 -100    0 -1000 -1000 -10
92 16 pedestrian 0 0 -10 681.49 175.42 740.19 230.23 -10 -10 -10 -100    0 -1000 -1000 -10
92 89 pedestrian 0 0 -10 596.02 171.71 637.92 189.87 -10 -10 -10 -100    0 -1000 -1000 -10
92 82 pedestrian 0 0 -10 734.86 172.25 848.95 284.02 -10 -10 -10 -100    0 -1000 -1000 -10
93 95 pedestrian 0 0 -10 669.08 174.66 718.31 220.96 -10 -10 -10 -100    0 -1000 -1000 -10
93 32 pedestrian 0 0 -10 705.67 172.36 805.28 254.32 -10 -10 -10 -100    0 -1000 -1000 -10
93 93 pedestrian 0 0 -10 653.87 175.65 687.47 207.36 -10 -10 -10 -100    0 -1000 -1000 -10
93 16 pedestrian 0 0 -10 684.17 174.47 744.61 230.79 -10 -10 -10 -100    0 -1000 -1000 -10
93 89 pedestrian 0 0 -10 612.25 171.81 638.58 187.17 -10 -10 -10 -100    0 -1000 -1000 -10
93 50 pedestrian 0 0 -10 373.67 180.52 434.82 218.16 -10 -10 -10 -100    0 -1000 -1000 -10
93 82 pedestrian 0 0 -10 742.61 172.54 870.70 294.94 -10 -10 -10 -100    0 -1000 -1000 -10
94 95 pedestrian 0 0 -10 670.34 174.04 723.83 222.86 -10 -10 -10 -100    0 -1000 -1000 -10
94 32 pedestrian 0 0 -10 711.04 171.11 819.65 259.03 -10 -10 -10 -100    0 -1000 -1000 -10
94 93 pedestrian 0 0 -10 655.35 175.62 689.56 208.10 -10 -10 -10 -100    0 -1000 -1000 -10
94 16 pedestrian 0 0 -10 686.84 173.40 751.43 233.12 -10 -10 -10 -100    0 -1000 -1000 -10
94 89 pedestrian 0 0 -10 613.22 171.16 638.93 185.50 -10 -10 -10 -100    0 -1000 -1000 -10
94 50 pedestrian 0 0 -10 360.14 180.32 426.51 218.90 -10 -10 -10 -100    0 -1000 -1000 -10
94 82 pedestrian 0 0 -10 752.22 172.35 895.16 304.35 -10 -10 -10 -100    0 -1000 -1000 -10
95 32 pedestrian 0 0 -10 715.87 171.07 833.98 263.66 -10 -10 -10 -100    0 -1000 -1000 -10
95 93 pedestrian 0 0 -10 656.35 174.81 693.86 209.04 -10 -10 -10 -100    0 -1000 -1000 -10
95 16 pedestrian 0 0 -10 689.70 172.90 758.83 234.72 -10 -10 -10 -100    0 -1000 -1000 -10
95 89 pedestrian 0 0 -10 611.88 170.80 640.61 186.11 -10 -10 -10 -100    0 -1000 -1000 -10
95 50 pedestrian 0 0 -10 345.46 179.77 414.84 221.05 -10 -10 -10 -100    0 -1000 -1000 -10
95 82 pedestrian 0 0 -10 762.90 173.78 925.19 320.43 -10 -10 -10 -100    0 -1000 -1000 -10
95 95 pedestrian 0 0 -10 673.34 173.64 730.14 224.16 -10 -10 -10 -100    0 -1000 -1000 -10
96 93 pedestrian 0 0 -10 656.36 175.88 694.58 209.63 -10 -10 -10 -100    0 -1000 -1000 -10
96 92 pedestrian 0 0 -10 580.28 173.18 603.23 193.45 -10 -10 -10 -100    0 -1000 -1000 -10
96 16 pedestrian 0 0 -10 693.67 174.64 765.75 239.52 -10 -10 -10 -100    0 -1000 -1000 -10
96 89 pedestrian 0 0 -10 610.92 171.39 638.97 186.87 -10 -10 -10 -100    0 -1000 -1000 -10
96 32 pedestrian 0 0 -10 722.74 172.80 849.21 271.67 -10 -10 -10 -100    0 -1000 -1000 -10
96 50 pedestrian 0 0 -10 327.77 180.68 402.78 223.69 -10 -10 -10 -100    0 -1000 -1000 -10
96 82 pedestrian 0 0 -10 776.42 174.19 964.84 339.64 -10 -10 -10 -100    0 -1000 -1000 -10
96 95 pedestrian 0 0 -10 674.09 174.22 732.90 226.71 -10 -10 -10 -100    0 -1000 -1000 -10
97 93 pedestrian 0 0 -10 657.41 175.22 696.20 211.04 -10 -10 -10 -100    0 -1000 -1000 -10
97 92 pedestrian 0 0 -10 575.94 174.83 601.75 196.79 -10 -10 -10 -100    0 -1000 -1000 -10
97 16 pedestrian 0 0 -10 696.11 175.27 774.20 243.18 -10 -10 -10 -100    0 -1000 -1000 -10
97 89 pedestrian 0 0 -10 609.75 171.19 642.43 187.63 -10 -10 -10 -100    0 -1000 -1000 -10
97 32 pedestrian 0 0 -10 729.45 173.97 866.85 279.57 -10 -10 -10 -100    0 -1000 -1000 -10
97 50 pedestrian 0 0 -10 307.76 180.93 390.03 226.96 -10 -10 -10 -100    0 -1000 -1000 -10
97 82 pedestrian 0 0 -10 790.65 175.10 1014.48 363.14 -10 -10 -10 -100    0 -1000 -1000 -10
97 95 pedestrian 0 0 -10 677.63 174.76 739.89 229.62 -10 -10 -10 -100    0 -1000 -1000 -10
98 93 pedestrian 0 0 -10 657.91 174.68 697.92 213.13 -10 -10 -10 -100    0 -1000 -1000 -10
98 92 pedestrian 0 0 -10 575.04 173.43 599.67 194.74 -10 -10 -10 -100    0 -1000 -1000 -10
98 16 pedestrian 0 0 -10 700.98 175.09 783.99 247.61 -10 -10 -10 -100    0 -1000 -1000 -10
98 89 pedestrian 0 0 -10 608.78 171.09 643.06 188.09 -10 -10 -10 -100    0 -1000 -1000 -10
98 32 pedestrian 0 0 -10 735.79 173.93 891.97 289.67 -10 -10 -10 -100    0 -1000 -1000 -10
98 50 pedestrian 0 0 -10 285.91 180.72 376.17 229.81 -10 -10 -10 -100    0 -1000 -1000 -10
98 82 pedestrian 0 0 -10 808.03 176.95 1075.75 370.00 -10 -10 -10 -100    0 -1000 -1000 -10
98 95 pedestrian 0 0 -10 679.52 174.45 743.86 231.88 -10 -10 -10 -100    0 -1000 -1000 -10
99 93 pedestrian 0 0 -10 659.05 174.69 699.42 213.68 -10 -10 -10 -100    0 -1000 -1000 -10
99 92 pedestrian 0 0 -10 571.83 173.55 597.52 194.94 -10 -10 -10 -100    0 -1000 -1000 -10
99 16 pedestrian 0 0 -10 704.63 174.51 793.40 251.48 -10 -10 -10 -100    0 -1000 -1000 -10
99 89 pedestrian 0 0 -10 608.31 170.87 638.10 188.08 -10 -10 -10 -100    0 -1000 -1000 -10
99 32 pedestrian 0 0 -10 745.85 174.31 916.34 301.49 -10 -10 -10 -100    0 -1000 -1000 -10
99 50 pedestrian 0 0 -10 262.06 180.61 359.25 232.48 -10 -10 -10 -100    0 -1000 -1000 -10
99 82 pedestrian 0 0 -10 830.65 178.03 1167.47 370.00 -10 -10 -10 -100    0 -1000 -1000 -10
99 95 pedestrian 0 0 -10 681.42 174.99 749.08 233.83 -10 -10 -10 -100    0 -1000 -1000 -10
100 93 pedestrian 0 0 -10 659.89 174.48 701.40 214.45 -10 -10 -10 -100    0 -1000 -1000 -10
100 16 pedestrian 0 0 -10 710.35 175.09 806.43 258.38 -10 -10 -10 -100    0 -1000 -1000 -10
100 89 pedestrian 0 0 -10 609.12 171.04 632.12 187.48 -10 -10 -10 -100    0 -1000 -1000 -10
100 32 pedestrian 0 0 -10 756.58 174.91 948.00 317.41 -10 -10 -10 -100    0 -1000 -1000 -10
100 50 pedestrian 0 0 -10 235.27 179.96 342.11 236.01 -10 -10 -10 -100    0 -1000 -1000 -10
100 82 pedestrian 0 0 -10 859.58 178.28 1224.00 370.00 -10 -10 -10 -100    0 -1000 -1000 -10
100 95 pedestrian 0 0 -10 683.47 174.77 758.84 237.80 -10 -10 -10 -100    0 -1000 -1000 -10
101 93 pedestrian 0 0 -10 660.55 173.60 704.88 214.98 -10 -10 -10 -100    0 -1000 -1000 -10
101 16 pedestrian 0 0 -10 714.86 174.61 818.73 263.92 -10 -10 -10 -100    0 -1000 -1000 -10
101 89 pedestrian 0 0 -10 606.29 169.95 624.18 185.03 -10 -10 -10 -100    0 -1000 -1000 -10
101 32 pedestrian 0 0 -10 769.19 174.39 993.39 334.96 -10 -10 -10 -100    0 -1000 -1000 -10
101 50 pedestrian 0 0 -10 203.85 179.05 322.49 239.70 -10 -10 -10 -100    0 -1000 -1000 -10
101 82 pedestrian 0 0 -10 902.11 179.90 1224.00 370.00 -10 -10 -10 -100    0 -1000 -1000 -10
101 95 pedestrian 0 0 -10 686.49 174.25 764.52 240.01 -10 -10 -10 -100    0 -1000 -1000 -10
102 16 pedestrian 0 0 -10 722.31 176.19 834.61 270.92 -10 -10 -10 -100    0 -1000 -1000 -10
102 89 pedestrian 0 0 -10 605.31 168.60 622.64 183.42 -10 -10 -10 -100    0 -1000 -1000 -10
102 32 pedestrian 0 0 -10 784.36 175.57 1048.18 358.32 -10 -10 -10 -100    0 -1000 -1000 -10
102 50 pedestrian 0 0 -10 166.91 179.04 299.60 244.02 -10 -10 -10 -100    0 -1000 -1000 -10
102 82 pedestrian 0 0 -10 956.12 183.44 1223.97 370.00 -10 -10 -10 -100    0 -1000 -1000 -10
102 93 pedestrian 0 0 -10 661.78 172.86 705.36 214.17 -10 -10 -10 -100    0 -1000 -1000 -10
102 95 pedestrian 0 0 -10 691.03 174.53 776.35 244.16 -10 -10 -10 -100    0 -1000 -1000 -10
103 16 pedestrian 0 0 -10 728.66 176.70 853.14 280.77 -10 -10 -10 -100    0 -1000 -1000 -10
103 32 pedestrian 0 0 -10 802.39 175.73 1118.87 370.00 -10 -10 -10 -100    0 -1000 -1000 -10
103 50 pedestrian 0 0 -10 121.35 180.03 274.01 251.79 -10 -10 -10 -100    0 -1000 -1000 -10
103 82 pedestrian 0 0 -10 1037.48 187.35 1224.00 370.00 -10 -10 -10 -100    0 -1000 -1000 -10
103 93 pedestrian 0 0 -10 662.71 173.74 706.35 215.68 -10 -10 -10 -100    0 -1000 -1000 -10
103 95 pedestrian 0 0 -10 693.73 174.61 783.00 248.65 -10 -10 -10 -100    0 -1000 -1000 -10
103 92 pedestrian 0 0 -10 559.38 170.02 582.40 191.51 -10 -10 -10 -100    0 -1000 -1000 -10
104 32 pedestrian 0 0 -10 825.91 175.99 1223.30 370.00 -10 -10 -10 -100    0 -1000 -1000 -10
104 16 pedestrian 0 0 -10 737.72 178.91 877.19 293.04 -10 -10 -10 -100    0 -1000 -1000 -10
104 50 pedestrian 0 0 -10 71.97 182.09 244.56 261.34 -10 -10 -10 -100    0 -1000 -1000 -10
104 93 pedestrian 0 0 -10 665.45 174.68 712.03 218.79 -10 -10 -10 -100    0 -1000 -1000 -10
104 95 pedestrian 0 0 -10 699.47 176.29 794.05 254.75 -10 -10 -10 -100    0 -1000 -1000 -10
104 92 pedestrian 0 0 -10 555.09 171.88 579.76 193.35 -10 -10 -10 -100    0 -1000 -1000 -10
105 32 pedestrian 0 0 -10 852.98 176.05 1223.92 370.00 -10 -10 -10 -100    0 -1000 -1000 -10
105 16 pedestrian 0 0 -10 746.46 180.88 905.07 306.94 -10 -10 -10 -100    0 -1000 -1000 -10
105 50 pedestrian 0 0 -10 10.11 183.56 210.45 271.10 -10 -10 -10 -100    0 -1000 -1000 -10
105 93 pedestrian 0 0 -10 666.18 175.62 716.94 222.78 -10 -10 -10 -100    0 -1000 -1000 -10
105 95 pedestrian 0 0 -10 702.97 177.52 805.44 262.80 -10 -10 -10 -100    0 -1000 -1000 -10
105 92 pedestrian 0 0 -10 549.57 173.84 576.53 196.22 -10 -10 -10 -100    0 -1000 -1000 -10
105 96 pedestrian 0 0 -10 686.32 177.40 754.18 234.37 -10 -10 -10 -100    0 -1000 -1000 -10
