0 4 pedestrian 0 0 -10 439.40 169.46 454.07 183.90 -10 -10 -10 -100    0 -1000 -1000 -10
0 3 pedestrian 0 0 -10 326.70 170.41 360.49 197.98 -10 -10 -10 -100    0 -1000 -1000 -10
0 2 pedestrian 0 0 -10 291.72 174.89 331.87 199.47 -10 -10 -10 -100    0 -1000 -1000 -10
0 1 pedestrian 0 0 -10 891.27 192.88 1241.91 375.00 -10 -10 -10 -100    0 -1000 -1000 -10
1 4 pedestrian 0 0 -10 440.23 167.39 455.95 183.02 -10 -10 -10 -100    0 -1000 -1000 -10
1 3 pedestrian 0 0 -10 325.94 170.14 359.78 197.90 -10 -10 -10 -100    0 -1000 -1000 -10
1 2 pedestrian 0 0 -10 285.31 174.50 325.15 199.60 -10 -10 -10 -100    0 -1000 -1000 -10
1 1 pedestrian 0 0 -10 881.54 191.30 1241.35 375.00 -10 -10 -10 -100    0 -1000 -1000 -10
2 4 pedestrian 0 0 -10 440.06 167.71 456.32 182.80 -10 -10 -10 -100    0 -1000 -1000 -10
2 3 pedestrian 0 0 -10 320.96 171.41 354.67 198.65 -10 -10 -10 -100    0 -1000 -1000 -10
2 2 pedestrian 0 0 -10 280.12 175.35 320.02 200.57 -10 -10 -10 -100    0 -1000 -1000 -10
2 1 pedestrian 0 0 -10 872.68 189.02 1241.07 375.00 -10 -10 -10 -100    0 -1000 -1000 -10
3 4 pedestrian 0 0 -10 438.40 170.39 452.90 184.15 -10 -10 -10 -100    0 -1000 -1000 -10
3 3 pedestrian 0 0 -10 315.76 173.69 349.66 201.39 -10 -10 -10 -100    0 -1000 -1000 -10
3 2 pedestrian 0 0 -10 272.15 177.95 313.07 203.33 -10 -10 -10 -100    0 -1000 -1000 -10
3 1 pedestrian 0 0 -10 853.02 190.88 1241.47 375.00 -10 -10 -10 -100    0 -1000 -1000 -10
4 4 pedestrian 0 0 -10 437.68 171.22 452.70 184.29 -10 -10 -10 -100    0 -1000 -1000 -10
4 3 pedestrian 0 0 -10 310.05 172.45 342.68 201.88 -10 -10 -10 -100    0 -1000 -1000 -10
4 2 pedestrian 0 0 -10 264.94 177.66 309.73 203.87 -10 -10 -10 -100    0 -1000 -1000 -10
4 1 pedestrian 0 0 -10 843.87 191.88 1241.43 375.00 -10 -10 -10 -100    0 -1000 -1000 -10
5 3 pedestrian 0 0 -10 299.40 173.20 331.23 202.01 -10 -10 -10 -100    0 -1000 -1000 -10
5 2 pedestrian 0 0 -10 255.91 178.94 302.84 204.82 -10 -10 -10 -100    0 -1000 -1000 -10
5 1 pedestrian 0 0 -10 832.27 191.44 1242.00 375.00 -10 -10 -10 -100    0 -1000 -1000 -10
6 3 pedestrian 0 0 -10 278.55 178.41 319.75 202.16 -10 -10 -10 -100    0 -1000 -1000 -10
6 2 pedestrian 0 0 -10 245.99 178.45 296.10 205.97 -10 -10 -10 -100    0 -1000 -1000 -10
6 1 pedestrian 0 0 -10 819.88 189.84 1242.00 375.00 -10 -10 -10 -100    0 -1000 -1000 -10
7 3 pedestrian 0 0 -10 269.84 179.94 314.21 204.15 -10 -10 -10 -100    0 -1000 -1000 -10
7 2 pedestrian 0 0 -10 236.53 179.78 287.59 208.13 -10 -10 -10 -100    0 -1000 -1000 -10
7 1 pedestrian 0 0 -10 811.34 191.17 1228.01 375.00 -10 -10 -10 -100    0 -1000 -1000 -10
8 3 pedestrian 0 0 -10 259.44 178.36 302.88 203.58 -10 -10 -10 -100    0 -1000 -1000 -10
8 2 pedestrian 0 0 -10 226.55 178.91 280.72 208.01 -10 -10 -10 -100    0 -1000 -1000 -10
8 1 pedestrian 0 0 -10 801.40 189.66 1196.50 375.00 -10 -10 -10 -100    0 -1000 -1000 -10
9 3 pedestrian 0 0 -10 250.44 177.33 298.56 203.65 -10 -10 -10 -100    0 -1000 -1000 -10
9 2 pedestrian 0 0 -10 215.47 177.30 271.57 207.56 -10 -10 -10 -100    0 -1000 -1000 -10
9 1 pedestrian 0 0 -10 793.43 186.67 1159.29 375.00 -10 -10 -10 -100    0 -1000 -1000 -10
10 3 pedestrian 0 0 -10 241.96 176.52 291.07 202.33 -10 -10 -10 -100    0 -1000 -1000 -10
10 2 pedestrian 0 0 -10 203.90 177.49 259.49 206.53 -10 -10 -10 -100    0 -1000 -1000 -10
10 1 pedestrian 0 0 -10 786.62 184.43 1128.45 375.00 -10 -10 -10 -100    0 -1000 -1000 -10
11 4 pedestrian 0 0 -10 429.79 168.57 449.04 183.79 -10 -10 -10 -100    0 -1000 -1000 -10
11 3 pedestrian 0 0 -10 230.21 175.44 282.48 203.01 -10 -10 -10 -100    0 -1000 -1000 -10
11 2 pedestrian 0 0 -10 192.45 176.88 250.97 207.80 -10 -10 -10 -100    0 -1000 -1000 -10
11 1 pedestrian 0 0 -10 781.39 182.97 1101.50 375.00 -10 -10 -10 -100    0 -1000 -1000 -10
12 4 pedestrian 0 0 -10 428.26 168.37 448.44 185.25 -10 -10 -10 -100    0 -1000 -1000 -10
12 3 pedestrian 0 0 -10 222.96 175.87 276.78 204.30 -10 -10 -10 -100    0 -1000 -1000 -10
12 2 pedestrian 0 0 -10 183.54 177.38 246.91 210.24 -10 -10 -10 -100    0 -1000 -1000 -10
12 1 pedestrian 0 0 -10 776.04 182.57 1077.36 370.98 -10 -10 -10 -100    0 -1000 -1000 -10
13 4 pedestrian 0 0 -10 429.21 170.12 448.90 185.57 -10 -10 -10 -100    0 -1000 -1000 -10
13 3 pedestrian 0 0 -10 210.07 177.44 269.95 206.57 -10 -10 -10 -100    0 -1000 -1000 -10
13 2 pedestrian 0 0 -10 169.27 179.23 236.91 213.58 -10 -10 -10 -100    0 -1000 -1000 -10
13 1 pedestrian 0 0 -10 773.56 181.19 1057.74 362.23 -10 -10 -10 -100    0 -1000 -1000 -10
14 4 pedestrian 0 0 -10 428.90 171.13 448.33 187.70 -10 -10 -10 -100    0 -1000 -1000 -10
14 3 pedestrian 0 0 -10 203.33 180.06 263.25 210.21 -10 -10 -10 -100    0 -1000 -1000 -10
14 2 pedestrian 0 0 -10 156.79 181.20 226.70 216.95 -10 -10 -10 -100    0 -1000 -1000 -10
14 1 pedestrian 0 0 -10 769.82 180.36 1039.41 355.59 -10 -10 -10 -100    0 -1000 -1000 -10
15 4 pedestrian 0 0 -10 431.59 173.19 450.70 189.70 -10 -10 -10 -100    0 -1000 -1000 -10
15 3 pedestrian 0 0 -10 193.75 182.46 256.89 213.41 -10 -10 -10 -100    0 -1000 -1000 -10
15 2 pedestrian 0 0 -10 143.42 183.43 217.26 219.91 -10 -10 -10 -100    0 -1000 -1000 -10
15 1 pedestrian 0 0 -10 765.38 182.75 1020.89 349.23 -10 -10 -10 -100    0 -1000 -1000 -10
16 5 pedestrian 0 0 -10 530.45 171.60 550.29 182.32 -10 -10 -10 -100    0 -1000 -1000 -10
16 4 pedestrian 0 0 -10 430.17 174.51 449.14 190.45 -10 -10 -10 -100    0 -1000 -1000 -10
16 3 pedestrian 0 0 -10 184.58 183.35 248.78 215.51 -10 -10 -10 -100    0 -1000 -1000 -10
16 2 pedestrian 0 0 -10 129.20 183.53 206.62 221.96 -10 -10 -10 -100    0 -1000 -1000 -10
16 1 pedestrian 0 0 -10 761.62 182.79 1005.14 342.25 -10 -10 -10 -100    0 -1000 -1000 -10
17 4 pedestrian 0 0 -10 430.05 173.17 447.83 188.41 -10 -10 -10 -100    0 -1000 -1000 -10
17 3 pedestrian 0 0 -10 172.23 183.06 241.23 216.30 -10 -10 -10 -100    0 -1000 -1000 -10
17 2 pedestrian 0 0 -10 112.23 183.18 196.09 223.16 -10 -10 -10 -100    0 -1000 -1000 -10
17 1 pedestrian 0 0 -10 757.42 182.33 987.45 334.13 -10 -10 -10 -100    0 -1000 -1000 -10
18 4 pedestrian 0 0 -10 429.73 173.82 447.39 188.53 -10 -10 -10 -100    0 -1000 -1000 -10
18 3 pedestrian 0 0 -10 158.47 183.47 230.87 217.14 -10 -10 -10 -100    0 -1000 -1000 -10
18 2 pedestrian 0 0 -10 94.12 183.43 182.74 224.64 -10 -10 -10 -100    0 -1000 -1000 -10
18 1 pedestrian 0 0 -10 752.39 181.72 971.45 327.20 -10 -10 -10 -100    0 -1000 -1000 -10
19 4 pedestrian 0 0 -10 429.28 174.79 446.64 188.95 -10 -10 -10 -100    0 -1000 -1000 -10
19 3 pedestrian 0 0 -10 143.16 183.79 219.76 219.21 -10 -10 -10 -100    0 -1000 -1000 -10
19 2 pedestrian 0 0 -10 74.35 183.99 168.72 227.13 -10 -10 -10 -100    0 -1000 -1000 -10
19 1 pedestrian 0 0 -10 748.35 182.15 958.07 321.24 -10 -10 -10 -100    0 -1000 -1000 -10
20 5 pedestrian 0 0 -10 527.11 170.66 551.11 181.58 -10 -10 -10 -100    0 -1000 -1000 -10
20 4 pedestrian 0 0 -10 429.18 174.82 446.46 189.29 -10 -10 -10 -100    0 -1000 -1000 -10
20 3 pedestrian 0 0 -10 127.57 184.09 208.45 220.61 -10 -10 -10 -100    0 -1000 -1000 -10
20 2 pedestrian 0 0 -10 53.20 183.99 155.55 229.23 -10 -10 -10 -100    0 -1000 -1000 -10
20 1 pedestrian 0 0 -10 744.85 182.03 943.39 314.82 -10 -10 -10 -100    0 -1000 -1000 -10
21 4 pedestrian 0 0 -10 427.51 174.88 445.30 189.37 -10 -10 -10 -100    0 -1000 -1000 -10
21 3 pedestrian 0 0 -10 111.42 185.28 196.19 222.68 -10 -10 -10 -100    0 -1000 -1000 -10
21 2 pedestrian 0 0 -10 30.13 184.22 138.40 231.51 -10 -10 -10 -100    0 -1000 -1000 -10
21 1 pedestrian 0 0 -10 740.09 181.96 930.67 310.26 -10 -10 -10 -100    0 -1000 -1000 -10
22 4 pedestrian 0 0 -10 423.52 174.92 441.83 190.94 -10 -10 -10 -100    0 -1000 -1000 -10
22 3 pedestrian 0 0 -10 91.97 186.61 184.40 226.56 -10 -10 -10 -100    0 -1000 -1000 -10
22 2 pedestrian 0 0 -10 4.41 185.88 120.25 234.93 -10 -10 -10 -100    0 -1000 -1000 -10
22 1 pedestrian 0 0 -10 735.48 182.78 918.10 306.95 -10 -10 -10 -100    0 -1000 -1000 -10
23 6 pedestrian 0 0 -10 483.79 170.51 498.78 182.53 -10 -10 -10 -100    0 -1000 -1000 -10
23 4 pedestrian 0 0 -10 423.74 175.06 442.11 190.83 -10 -10 -10 -100    0 -1000 -1000 -10
23 3 pedestrian 0 0 -10 72.40 188.39 165.51 229.32 -10 -10 -10 -100    0 -1000 -1000 -10
23 2 pedestrian 0 0 -10 0.00 186.03 99.09 236.73 -10 -10 -10 -100    0 -1000 -1000 -10
23 1 pedestrian 0 0 -10 731.72 182.74 905.80 303.69 -10 -10 -10 -100    0 -1000 -1000 -10
24 6 pedestrian 0 0 -10 482.12 169.94 498.94 182.23 -10 -10 -10 -100    0 -1000 -1000 -10
24 4 pedestrian 0 0 -10 420.84 173.35 440.76 189.56 -10 -10 -10 -100    0 -1000 -1000 -10
24 3 pedestrian 0 0 -10 48.91 185.79 151.59 228.22 -10 -10 -10 -100    0 -1000 -1000 -10
24 2 pedestrian 0 0 -10 0.09 184.46 75.80 236.80 -10 -10 -10 -100    0 -1000 -1000 -10
24 1 pedestrian 0 0 -10 727.61 183.36 893.98 299.58 -10 -10 -10 -100    0 -1000 -1000 -10
25 7 pedestrian 0 0 -10 1073.52 151.26 1241.89 375.00 -10 -10 -10 -100    0 -1000 -1000 -10
25 5 pedestrian 0 0 -10 535.56 168.26 556.56 179.20 -10 -10 -10 -100    0 -1000 -1000 -10
25 4 pedestrian 0 0 -10 417.35 172.18 437.45 188.16 -10 -10 -10 -100    0 -1000 -1000 -10
25 3 pedestrian 0 0 -10 27.23 184.83 133.12 228.03 -10 -10 -10 -100    0 -1000 -1000 -10
25 2 pedestrian 0 0 -10 0.00 185.77 54.59 238.40 -10 -10 -10 -100    0 -1000 -1000 -10
25 1 pedestrian 0 0 -10 722.63 183.70 883.22 295.86 -10 -10 -10 -100    0 -1000 -1000 -10
26 7 pedestrian 0 0 -10 1044.92 150.28 1241.74 375.00 -10 -10 -10 -100    0 -1000 -1000 -10
26 5 pedestrian 0 0 -10 536.10 168.94 557.51 179.88 -10 -10 -10 -100    0 -1000 -1000 -10
26 4 pedestrian 0 0 -10 410.25 170.86 437.09 189.50 -10 -10 -10 -100    0 -1000 -1000 -10
26 3 pedestrian 0 0 -10 0.00 183.13 115.10 231.54 -10 -10 -10 -100    0 -1000 -1000 -10
26 1 pedestrian 0 0 -10 717.77 184.61 872.63 293.22 -10 -10 -10 -100    0 -1000 -1000 -10
27 7 pedestrian 0 0 -10 1019.92 156.68 1241.91 375.00 -10 -10 -10 -100    0 -1000 -1000 -10
27 5 pedestrian 0 0 -10 537.82 169.69 559.09 180.90 -10 -10 -10 -100    0 -1000 -1000 -10
27 4 pedestrian 0 0 -10 406.97 171.78 435.04 191.71 -10 -10 -10 -100    0 -1000 -1000 -10
27 3 pedestrian 0 0 -10 0.39 183.93 94.13 233.94 -10 -10 -10 -100    0 -1000 -1000 -10
27 1 pedestrian 0 0 -10 714.13 184.79 861.05 290.97 -10 -10 -10 -100    0 -1000 -1000 -10
28 7 pedestrian 0 0 -10 997.38 155.60 1242.00 375.00 -10 -10 -10 -100    0 -1000 -1000 -10
28 5 pedestrian 0 0 -10 536.52 171.33 557.36 183.12 -10 -10 -10 -100    0 -1000 -1000 -10
28 4 pedestrian 0 0 -10 406.06 173.37 434.98 193.69 -10 -10 -10 -100    0 -1000 -1000 -10
28 3 pedestrian 0 0 -10 0.10 186.75 70.64 236.97 -10 -10 -10 -100    0 -1000 -1000 -10
28 1 pedestrian 0 0 -10 711.13 186.25 851.22 288.58 -10 -10 -10 -100    0 -1000 -1000 -10
29 7 pedestrian 0 0 -10 976.32 157.69 1242.00 375.00 -10 -10 -10 -100    0 -1000 -1000 -10
29 5 pedestrian 0 0 -10 537.16 172.16 555.99 182.95 -10 -10 -10 -100    0 -1000 -1000 -10
29 4 pedestrian 0 0 -10 402.09 174.30 427.36 194.49 -10 -10 -10 -100    0 -1000 -1000 -10
29 3 pedestrian 0 0 -10 0.00 187.96 44.34 241.24 -10 -10 -10 -100    0 -1000 -1000 -10
29 1 pedestrian 0 0 -10 705.69 186.46 840.40 285.25 -10 -10 -10 -100    0 -1000 -1000 -10
30 8 pedestrian 0 0 -10 447.70 171.26 485.17 189.85 -10 -10 -10 -100    0 -1000 -1000 -10
30 7 pedestrian 0 0 -10 956.70 156.18 1242.00 375.00 -10 -10 -10 -100    0 -1000 -1000 -10
30 5 pedestrian 0 0 -10 537.16 171.31 556.02 183.02 -10 -10 -10 -100    0 -1000 -1000 -10
30 4 pedestrian 0 0 -10 396.39 175.20 424.47 195.35 -10 -10 -10 -100    0 -1000 -1000 -10
30 1 pedestrian 0 0 -10 700.67 186.27 829.10 282.24 -10 -10 -10 -100    0 -1000 -1000 -10
31 8 pedestrian 0 0 -10 443.02 169.37 484.85 189.38 -10 -10 -10 -100    0 -1000 -1000 -10
31 7 pedestrian 0 0 -10 935.63 154.82 1241.27 375.00 -10 -10 -10 -100    0 -1000 -1000 -10
31 5 pedestrian 0 0 -10 534.66 169.37 556.03 182.56 -10 -10 -10 -100    0 -1000 -1000 -10
31 4 pedestrian 0 0 -10 387.75 174.75 415.05 195.55 -10 -10 -10 -100    0 -1000 -1000 -10
31 1 pedestrian 0 0 -10 694.13 185.35 818.93 279.04 -10 -10 -10 -100    0 -1000 -1000 -10
32 8 pedestrian 0 0 -10 441.79 170.12 481.22 189.56 -10 -10 -10 -100    0 -1000 -1000 -10
32 7 pedestrian 0 0 -10 912.37 152.92 1241.83 375.00 -10 -10 -10 -100    0 -1000 -1000 -10
32 5 pedestrian 0 0 -10 533.63 168.54 556.38 181.88 -10 -10 -10 -100    0 -1000 -1000 -10
32 1 pedestrian 0 0 -10 688.34 185.31 807.93 275.18 -10 -10 -10 -100    0 -1000 -1000 -10
33 8 pedestrian 0 0 -10 435.89 168.09 481.17 189.16 -10 -10 -10 -100    0 -1000 -1000 -10
33 7 pedestrian 0 0 -10 892.93 151.75 1242.00 375.00 -10 -10 -10 -100    0 -1000 -1000 -10
33 5 pedestrian 0 0 -10 525.54 167.45 553.32 181.91 -10 -10 -10 -100    0 -1000 -1000 -10
33 1 pedestrian 0 0 -10 681.46 184.40 797.25 271.35 -10 -10 -10 -100    0 -1000 -1000 -10
34 8 pedestrian 0 0 -10 433.32 167.80 481.32 189.20 -10 -10 -10 -100    0 -1000 -1000 -10
34 7 pedestrian 0 0 -10 873.03 149.87 1241.69 375.00 -10 -10 -10 -100    0 -1000 -1000 -10
34 5 pedestrian 0 0 -10 524.05 168.06 550.85 181.90 -10 -10 -10 -100    0 -1000 -1000 -10
34 1 pedestrian 0 0 -10 674.68 183.85 787.78 267.47 -10 -10 -10 -100    0 -1000 -1000 -10
35 8 pedestrian 0 0 -10 428.73 166.99 477.50 189.74 -10 -10 -10 -100    0 -1000 -1000 -10
35 7 pedestrian 0 0 -10 852.88 151.30 1241.73 375.00 -10 -10 -10 -100    0 -1000 -1000 -10
35 5 pedestrian 0 0 -10 522.66 167.20 549.10 181.73 -10 -10 -10 -100    0 -1000 -1000 -10
35 4 pedestrian 0 0 -10 364.39 173.29 399.69 197.63 -10 -10 -10 -100    0 -1000 -1000 -10
35 1 pedestrian 0 0 -10 668.18 183.39 777.90 264.65 -10 -10 -10 -100    0 -1000 -1000 -10
36 8 pedestrian 0 0 -10 426.47 166.17 480.88 188.86 -10 -10 -10 -100    0 -1000 -1000 -10
36 7 pedestrian 0 0 -10 834.90 150.49 1242.00 375.00 -10 -10 -10 -100    0 -1000 -1000 -10
36 5 pedestrian 0 0 -10 520.47 167.03 547.15 181.17 -10 -10 -10 -100    0 -1000 -1000 -10
36 4 pedestrian 0 0 -10 353.39 174.36 393.51 199.17 -10 -10 -10 -100    0 -1000 -1000 -10
36 1 pedestrian 0 0 -10 662.48 182.34 766.65 262.01 -10 -10 -10 -100    0 -1000 -1000 -10
37 8 pedestrian 0 0 -10 422.85 166.79 477.80 189.35 -10 -10 -10 -100    0 -1000 -1000 -10
37 7 pedestrian 0 0 -10 814.02 153.85 1241.79 375.00 -10 -10 -10 -100    0 -1000 -1000 -10
37 5 pedestrian 0 0 -10 516.49 167.25 545.10 181.94 -10 -10 -10 -100    0 -1000 -1000 -10
37 4 pedestrian 0 0 -10 347.12 173.72 390.46 198.82 -10 -10 -10 -100    0 -1000 -1000 -10
37 1 pedestrian 0 0 -10 654.86 182.16 755.07 259.76 -10 -10 -10 -100    0 -1000 -1000 -10
38 8 pedestrian 0 0 -10 419.96 167.15 470.95 188.79 -10 -10 -10 -100    0 -1000 -1000 -10
38 7 pedestrian 0 0 -10 794.22 154.20 1225.10 375.00 -10 -10 -10 -100    0 -1000 -1000 -10
38 5 pedestrian 0 0 -10 513.22 167.40 541.66 181.57 -10 -10 -10 -100    0 -1000 -1000 -10
38 4 pedestrian 0 0 -10 336.36 173.73 386.68 198.80 -10 -10 -10 -100    0 -1000 -1000 -10
38 1 pedestrian 0 0 -10 648.00 181.74 744.41 257.20 -10 -10 -10 -100    0 -1000 -1000 -10
39 8 pedestrian 0 0 -10 410.90 166.19 465.94 188.99 -10 -10 -10 -100    0 -1000 -1000 -10
39 7 pedestrian 0 0 -10 780.43 152.98 1170.46 375.00 -10 -10 -10 -100    0 -1000 -1000 -10
39 5 pedestrian 0 0 -10 506.49 166.74 534.02 181.12 -10 -10 -10 -100    0 -1000 -1000 -10
39 4 pedestrian 0 0 -10 320.44 172.97 377.56 199.61 -10 -10 -10 -100    0 -1000 -1000 -10
39 1 pedestrian 0 0 -10 641.26 181.86 733.63 254.66 -10 -10 -10 -100    0 -1000 -1000 -10
40 8 pedestrian 0 0 -10 405.94 165.19 464.20 189.28 -10 -10 -10 -100    0 -1000 -1000 -10
40 7 pedestrian 0 0 -10 763.22 156.40 1122.59 375.00 -10 -10 -10 -100    0 -1000 -1000 -10
40 5 pedestrian 0 0 -10 503.18 165.98 530.80 182.08 -10 -10 -10 -100    0 -1000 -1000 -10
40 4 pedestrian 0 0 -10 311.89 172.47 370.15 199.80 -10 -10 -10 -100    0 -1000 -1000 -10
40 1 pedestrian 0 0 -10 635.00 181.92 723.18 252.87 -10 -10 -10 -100    0 -1000 -1000 -10
41 8 pedestrian 0 0 -10 400.60 164.85 459.44 190.97 -10 -10 -10 -100    0 -1000 -1000 -10
41 7 pedestrian 0 0 -10 748.13 159.22 1078.65 375.00 -10 -10 -10 -100    0 -1000 -1000 -10
41 5 pedestrian 0 0 -10 497.09 165.41 527.29 183.41 -10 -10 -10 -100    0 -1000 -1000 -10
41 4 pedestrian 0 0 -10 308.65 173.06 364.32 199.38 -10 -10 -10 -100    0 -1000 -1000 -10
41 1 pedestrian 0 0 -10 628.48 182.10 712.45 251.42 -10 -10 -10 -100    0 -1000 -1000 -10
42 8 pedestrian 0 0 -10 396.10 164.94 458.12 190.73 -10 -10 -10 -100    0 -1000 -1000 -10
42 7 pedestrian 0 0 -10 733.12 160.52 1038.36 375.00 -10 -10 -10 -100    0 -1000 -1000 -10
42 5 pedestrian 0 0 -10 493.63 168.66 526.55 185.68 -10 -10 -10 -100    0 -1000 -1000 -10
42 4 pedestrian 0 0 -10 304.47 173.55 358.50 199.58 -10 -10 -10 -100    0 -1000 -1000 -10
42 1 pedestrian 0 0 -10 621.59 182.75 703.46 250.96 -10 -10 -10 -100    0 -1000 -1000 -10
43 8 pedestrian 0 0 -10 389.87 167.54 442.22 190.86 -10 -10 -10 -100    0 -1000 -1000 -10
43 7 pedestrian 0 0 -10 719.63 161.13 1000.97 371.16 -10 -10 -10 -100    0 -1000 -1000 -10
43 5 pedestrian 0 0 -10 490.50 170.17 526.34 186.11 -10 -10 -10 -100    0 -1000 -1000 -10
43 4 pedestrian 0 0 -10 295.65 174.74 351.36 203.18 -10 -10 -10 -100    0 -1000 -1000 -10
43 1 pedestrian 0 0 -10 614.11 183.75 693.30 250.20 -10 -10 -10 -100    0 -1000 -1000 -10
44 8 pedestrian 0 0 -10 385.06 167.55 437.34 191.71 -10 -10 -10 -100    0 -1000 -1000 -10
44 7 pedestrian 0 0 -10 706.30 161.51 966.25 361.49 -10 -10 -10 -100    0 -1000 -1000 -10
44 5 pedestrian 0 0 -10 489.02 170.03 524.69 186.74 -10 -10 -10 -100    0 -1000 -1000 -10
44 4 pedestrian 0 0 -10 286.18 175.32 343.76 204.57 -10 -10 -10 -100    0 -1000 -1000 -10
44 1 pedestrian 0 0 -10 607.84 183.42 684.96 248.89 -10 -10 -10 -100    0 -1000 -1000 -10
45 8 pedestrian 0 0 -10 381.14 168.40 434.23 192.07 -10 -10 -10 -100    0 -1000 -1000 -10
45 7 pedestrian 0 0 -10 692.93 163.50 935.40 353.59 -10 -10 -10 -100    0 -1000 -1000 -10
45 5 pedestrian 0 0 -10 488.69 170.32 524.01 186.28 -10 -10 -10 -100    0 -1000 -1000 -10
45 4 pedestrian 0 0 -10 276.93 176.12 340.11 205.96 -10 -10 -10 -100    0 -1000 -1000 -10
45 1 pedestrian 0 0 -10 601.87 183.59 676.49 247.69 -10 -10 -10 -100    0 -1000 -1000 -10
46 8 pedestrian 0 0 -10 381.52 169.50 430.98 192.59 -10 -10 -10 -100    0 -1000 -1000 -10
46 7 pedestrian 0 0 -10 680.90 163.81 907.96 345.95 -10 -10 -10 -100    0 -1000 -1000 -10
46 5 pedestrian 0 0 -10 486.80 171.09 521.58 186.18 -10 -10 -10 -100    0 -1000 -1000 -10
46 4 pedestrian 0 0 -10 271.70 176.43 337.67 206.85 -10 -10 -10 -100    0 -1000 -1000 -10
46 1 pedestrian 0 0 -10 596.28 183.63 668.99 246.45 -10 -10 -10 -100    0 -1000 -1000 -10
47 8 pedestrian 0 0 -10 379.22 171.08 427.65 193.11 -10 -10 -10 -100    0 -1000 -1000 -10
47 7 pedestrian 0 0 -10 669.92 164.42 882.39 338.50 -10 -10 -10 -100    0 -1000 -1000 -10
47 5 pedestrian 0 0 -10 482.67 172.18 517.85 187.39 -10 -10 -10 -100    0 -1000 -1000 -10
47 4 pedestrian 0 0 -10 263.90 177.82 332.59 207.87 -10 -10 -10 -100    0 -1000 -1000 -10
47 1 pedestrian 0 0 -10 591.23 185.12 661.49 245.80 -10 -10 -10 -100    0 -1000 -1000 -10
48 8 pedestrian 0 0 -10 377.25 171.86 424.09 194.38 -10 -10 -10 -100    0 -1000 -1000 -10
48 7 pedestrian 0 0 -10 659.24 168.12 859.50 334.38 -10 -10 -10 -100    0 -1000 -1000 -10
48 5 pedestrian 0 0 -10 480.28 172.96 516.06 187.97 -10 -10 -10 -100    0 -1000 -1000 -10
48 4 pedestrian 0 0 -10 255.18 177.98 326.78 208.96 -10 -10 -10 -100    0 -1000 -1000 -10
48 1 pedestrian 0 0 -10 585.90 185.75 655.04 245.40 -10 -10 -10 -100    0 -1000 -1000 -10
49 9 pedestrian 0 0 -10 141.39 169.81 173.48 213.93 -10 -10 -10 -100    0 -1000 -1000 -10
49 8 pedestrian 0 0 -10 372.95 170.00 419.11 193.13 -10 -10 -10 -100    0 -1000 -1000 -10
49 7 pedestrian 0 0 -10 649.64 166.05 839.83 328.19 -10 -10 -10 -100    0 -1000 -1000 -10
49 5 pedestrian 0 0 -10 481.66 172.57 516.47 187.63 -10 -10 -10 -100    0 -1000 -1000 -10
49 4 pedestrian 0 0 -10 246.80 175.75 315.11 211.53 -10 -10 -10 -100    0 -1000 -1000 -10
49 1 pedestrian 0 0 -10 581.50 183.71 648.69 242.82 -10 -10 -10 -100    0 -1000 -1000 -10
50 9 pedestrian 0 0 -10 130.78 165.42 165.65 214.23 -10 -10 -10 -100    0 -1000 -1000 -10
50 8 pedestrian 0 0 -10 365.40 165.63 415.55 190.50 -10 -10 -10 -100    0 -1000 -1000 -10
50 7 pedestrian 0 0 -10 641.22 166.22 819.39 322.11 -10 -10 -10 -100    0 -1000 -1000 -10
50 5 pedestrian 0 0 -10 481.26 170.17 515.73 185.57 -10 -10 -10 -100    0 -1000 -1000 -10
50 4 pedestrian 0 0 -10 240.00 173.51 302.92 209.01 -10 -10 -10 -100    0 -1000 -1000 -10
50 1 pedestrian 0 0 -10 578.34 181.34 642.82 238.36 -10 -10 -10 -100    0 -1000 -1000 -10
51 9 pedestrian 0 0 -10 123.25 164.82 157.82 210.94 -10 -10 -10 -100    0 -1000 -1000 -10
51 8 pedestrian 0 0 -10 356.95 164.29 408.14 190.27 -10 -10 -10 -100    0 -1000 -1000 -10
51 7 pedestrian 0 0 -10 633.16 167.33 802.11 315.58 -10 -10 -10 -100    0 -1000 -1000 -10
51 5 pedestrian 0 0 -10 479.95 167.84 514.28 183.28 -10 -10 -10 -100    0 -1000 -1000 -10
51 4 pedestrian 0 0 -10 229.06 172.73 290.79 208.93 -10 -10 -10 -100    0 -1000 -1000 -10
51 1 pedestrian 0 0 -10 573.69 179.93 637.91 235.73 -10 -10 -10 -100    0 -1000 -1000 -10
52 9 pedestrian 0 0 -10 118.84 164.15 151.43 210.98 -10 -10 -10 -100    0 -1000 -1000 -10
52 8 pedestrian 0 0 -10 355.42 162.78 405.74 191.28 -10 -10 -10 -100    0 -1000 -1000 -10
52 7 pedestrian 0 0 -10 625.32 167.25 785.10 310.85 -10 -10 -10 -100    0 -1000 -1000 -10
52 4 pedestrian 0 0 -10 222.99 173.14 277.33 211.37 -10 -10 -10 -100    0 -1000 -1000 -10
52 1 pedestrian 0 0 -10 570.50 178.84 632.96 234.10 -10 -10 -10 -100    0 -1000 -1000 -10
53 9 pedestrian 0 0 -10 114.35 166.23 145.81 211.26 -10 -10 -10 -100    0 -1000 -1000 -10
53 8 pedestrian 0 0 -10 365.54 162.91 411.30 191.41 -10 -10 -10 -100    0 -1000 -1000 -10
53 7 pedestrian 0 0 -10 618.59 166.67 770.40 304.47 -10 -10 -10 -100    0 -1000 -1000 -10
53 4 pedestrian 0 0 -10 209.88 172.49 259.58 215.79 -10 -10 -10 -100    0 -1000 -1000 -10
53 1 pedestrian 0 0 -10 566.81 178.56 627.81 233.20 -10 -10 -10 -100    0 -1000 -1000 -10
54 9 pedestrian 0 0 -10 109.66 167.77 139.09 211.85 -10 -10 -10 -100    0 -1000 -1000 -10
54 8 pedestrian 0 0 -10 365.20 165.11 411.64 193.36 -10 -10 -10 -100    0 -1000 -1000 -10
54 7 pedestrian 0 0 -10 613.01 167.23 756.81 301.40 -10 -10 -10 -100    0 -1000 -1000 -10
54 4 pedestrian 0 0 -10 201.80 176.23 246.08 219.30 -10 -10 -10 -100    0 -1000 -1000 -10
54 1 pedestrian 0 0 -10 563.61 180.31 621.85 233.14 -10 -10 -10 -100    0 -1000 -1000 -10
55 9 pedestrian 0 0 -10 103.55 169.54 134.04 212.45 -10 -10 -10 -100    0 -1000 -1000 -10
55 8 pedestrian 0 0 -10 365.31 171.71 415.12 199.23 -10 -10 -10 -100    0 -1000 -1000 -10
55 7 pedestrian 0 0 -10 606.25 169.59 744.42 297.97 -10 -10 -10 -100    0 -1000 -1000 -10
55 1 pedestrian 0 0 -10 559.63 181.28 617.67 234.24 -10 -10 -10 -100    0 -1000 -1000 -10
56 8 pedestrian 0 0 -10 364.55 174.58 419.70 202.66 -10 -10 -10 -100    0 -1000 -1000 -10
56 7 pedestrian 0 0 -10 601.87 170.19 733.27 293.16 -10 -10 -10 -100    0 -1000 -1000 -10
56 10 pedestrian 0 0 -10 240.90 182.48 282.26 205.96 -10 -10 -10 -100    0 -1000 -1000 -10
56 9 pedestrian 0 0 -10 96.24 172.07 124.63 212.73 -10 -10 -10 -100    0 -1000 -1000 -10
56 1 pedestrian 0 0 -10 558.21 182.00 613.96 234.55 -10 -10 -10 -100    0 -1000 -1000 -10
57 8 pedestrian 0 0 -10 361.18 174.95 420.44 203.13 -10 -10 -10 -100    0 -1000 -1000 -10
57 7 pedestrian 0 0 -10 596.43 169.98 723.54 290.93 -10 -10 -10 -100    0 -1000 -1000 -10
57 10 pedestrian 0 0 -10 235.57 182.92 277.12 206.03 -10 -10 -10 -100    0 -1000 -1000 -10
57 9 pedestrian 0 0 -10 88.54 175.29 117.62 214.02 -10 -10 -10 -100    0 -1000 -1000 -10
57 1 pedestrian 0 0 -10 556.00 182.98 609.46 233.98 -10 -10 -10 -100    0 -1000 -1000 -10
58 8 pedestrian 0 0 -10 360.57 172.72 415.99 201.39 -10 -10 -10 -100    0 -1000 -1000 -10
58 7 pedestrian 0 0 -10 593.44 170.67 714.61 285.79 -10 -10 -10 -100    0 -1000 -1000 -10
58 10 pedestrian 0 0 -10 230.54 182.62 273.78 206.02 -10 -10 -10 -100    0 -1000 -1000 -10
58 4 pedestrian 0 0 -10 175.12 180.92 224.68 215.34 -10 -10 -10 -100    0 -1000 -1000 -10
58 9 pedestrian 0 0 -10 80.75 174.47 117.70 212.30 -10 -10 -10 -100    0 -1000 -1000 -10
58 1 pedestrian 0 0 -10 554.26 182.12 606.74 232.45 -10 -10 -10 -100    0 -1000 -1000 -10
59 8 pedestrian 0 0 -10 359.28 170.67 418.20 197.54 -10 -10 -10 -100    0 -1000 -1000 -10
59 7 pedestrian 0 0 -10 590.25 170.67 706.47 281.87 -10 -10 -10 -100    0 -1000 -1000 -10
59 10 pedestrian 0 0 -10 224.67 181.94 270.57 205.37 -10 -10 -10 -100    0 -1000 -1000 -10
59 4 pedestrian 0 0 -10 163.89 180.99 223.10 219.50 -10 -10 -10 -100    0 -1000 -1000 -10
59 1 pedestrian 0 0 -10 552.94 181.48 603.09 230.87 -10 -10 -10 -100    0 -1000 -1000 -10
60 7 pedestrian 0 0 -10 586.73 170.95 699.25 279.85 -10 -10 -10 -100    0 -1000 -1000 -10
60 10 pedestrian 0 0 -10 218.77 181.14 267.58 205.17 -10 -10 -10 -100    0 -1000 -1000 -10
60 4 pedestrian 0 0 -10 155.71 181.42 218.38 221.41 -10 -10 -10 -100    0 -1000 -1000 -10
60 8 pedestrian 0 0 -10 356.30 169.78 417.01 196.55 -10 -10 -10 -100    0 -1000 -1000 -10
60 1 pedestrian 0 0 -10 551.86 180.87 601.49 230.39 -10 -10 -10 -100    0 -1000 -1000 -10
61 7 pedestrian 0 0 -10 583.24 172.69 691.53 277.66 -10 -10 -10 -100    0 -1000 -1000 -10
61 10 pedestrian 0 0 -10 212.97 181.12 263.10 205.59 -10 -10 -10 -100    0 -1000 -1000 -10
61 5 pedestrian 0 0 -10 494.56 172.11 512.63 189.31 -10 -10 -10 -100    0 -1000 -1000 -10
61 4 pedestrian 0 0 -10 146.71 180.67 214.70 223.04 -10 -10 -10 -100    0 -1000 -1000 -10
61 8 pedestrian 0 0 -10 355.70 168.37 402.40 196.70 -10 -10 -10 -100    0 -1000 -1000 -10
61 1 pedestrian 0 0 -10 551.06 181.11 600.15 230.32 -10 -10 -10 -100    0 -1000 -1000 -10
62 7 pedestrian 0 0 -10 579.54 172.51 684.51 275.30 -10 -10 -10 -100    0 -1000 -1000 -10
62 10 pedestrian 0 0 -10 207.29 179.69 257.51 205.30 -10 -10 -10 -100    0 -1000 -1000 -10
62 5 pedestrian 0 0 -10 499.10 172.71 514.94 188.20 -10 -10 -10 -100    0 -1000 -1000 -10
62 4 pedestrian 0 0 -10 133.53 178.70 208.61 224.17 -10 -10 -10 -100    0 -1000 -1000 -10
62 8 pedestrian 0 0 -10 358.51 166.87 391.77 195.10 -10 -10 -10 -100    0 -1000 -1000 -10
62 1 pedestrian 0 0 -10 549.69 180.36 599.87 230.07 -10 -10 -10 -100    0 -1000 -1000 -10
63 7 pedestrian 0 0 -10 575.61 172.35 675.99 272.92 -10 -10 -10 -100    0 -1000 -1000 -10
63 10 pedestrian 0 0 -10 198.89 179.55 250.67 205.85 -10 -10 -10 -100    0 -1000 -1000 -10
63 5 pedestrian 0 0 -10 498.53 172.41 514.19 187.90 -10 -10 -10 -100    0 -1000 -1000 -10
63 4 pedestrian 0 0 -10 122.66 179.44 198.15 225.78 -10 -10 -10 -100    0 -1000 -1000 -10
63 8 pedestrian 0 0 -10 358.72 166.49 389.11 194.63 -10 -10 -10 -100    0 -1000 -1000 -10
63 1 pedestrian 0 0 -10 547.97 180.55 597.08 229.31 -10 -10 -10 -100    0 -1000 -1000 -10
64 7 pedestrian 0 0 -10 572.15 172.66 669.24 270.84 -10 -10 -10 -100    0 -1000 -1000 -10
64 10 pedestrian 0 0 -10 190.99 179.35 245.68 206.65 -10 -10 -10 -100    0 -1000 -1000 -10
64 5 pedestrian 0 0 -10 499.41 172.80 514.79 186.84 -10 -10 -10 -100    0 -1000 -1000 -10
64 4 pedestrian 0 0 -10 106.98 177.79 189.53 226.34 -10 -10 -10 -100    0 -1000 -1000 -10
64 8 pedestrian 0 0 -10 359.36 166.46 386.79 195.29 -10 -10 -10 -100    0 -1000 -1000 -10
64 1 pedestrian 0 0 -10 546.76 181.27 593.37 228.62 -10 -10 -10 -100    0 -1000 -1000 -10
65 7 pedestrian 0 0 -10 568.64 174.60 664.13 269.95 -10 -10 -10 -100    0 -1000 -1000 -10
65 10 pedestrian 0 0 -10 181.53 181.92 238.01 210.47 -10 -10 -10 -100    0 -1000 -1000 -10
65 5 pedestrian 0 0 -10 500.34 175.19 514.28 187.74 -10 -10 -10 -100    0 -1000 -1000 -10
65 4 pedestrian 0 0 -10 93.75 176.16 172.91 227.24 -10 -10 -10 -100    0 -1000 -1000 -10
65 8 pedestrian 0 0 -10 355.65 170.36 383.13 198.21 -10 -10 -10 -100    0 -1000 -1000 -10
65 1 pedestrian 0 0 -10 545.99 182.89 590.41 229.34 -10 -10 -10 -100    0 -1000 -1000 -10
66 7 pedestrian 0 0 -10 566.10 178.57 657.85 271.45 -10 -10 -10 -100    0 -1000 -1000 -10
66 10 pedestrian 0 0 -10 172.51 186.77 230.70 215.78 -10 -10 -10 -100    0 -1000 -1000 -10
66 5 pedestrian 0 0 -10 499.58 177.99 513.54 190.32 -10 -10 -10 -100    0 -1000 -1000 -10
66 4 pedestrian 0 0 -10 77.46 176.16 161.18 230.39 -10 -10 -10 -100    0 -1000 -1000 -10
66 8 pedestrian 0 0 -10 350.00 173.11 379.40 202.77 -10 -10 -10 -100    0 -1000 -1000 -10
66 1 pedestrian 0 0 -10 546.38 186.35 590.06 232.01 -10 -10 -10 -100    0 -1000 -1000 -10
67 7 pedestrian 0 0 -10 562.89 179.74 653.50 272.20 -10 -10 -10 -100    0 -1000 -1000 -10
67 10 pedestrian 0 0 -10 163.03 188.91 224.90 219.04 -10 -10 -10 -100    0 -1000 -1000 -10
67 4 pedestrian 0 0 -10 58.02 176.98 148.99 233.06 -10 -10 -10 -100    0 -1000 -1000 -10
67 8 pedestrian 0 0 -10 343.76 174.85 374.56 204.85 -10 -10 -10 -100    0 -1000 -1000 -10
67 1 pedestrian 0 0 -10 543.89 187.21 588.31 232.68 -10 -10 -10 -100    0 -1000 -1000 -10
68 7 pedestrian 0 0 -10 560.57 176.06 648.68 266.71 -10 -10 -10 -100    0 -1000 -1000 -10
68 10 pedestrian 0 0 -10 153.61 185.04 217.67 216.62 -10 -10 -10 -100    0 -1000 -1000 -10
68 4 pedestrian 0 0 -10 39.37 176.08 141.89 232.46 -10 -10 -10 -100    0 -1000 -1000 -10
68 8 pedestrian 0 0 -10 337.89 171.35 370.70 203.17 -10 -10 -10 -100    0 -1000 -1000 -10
68 1 pedestrian 0 0 -10 545.05 184.86 589.59 230.70 -10 -10 -10 -100    0 -1000 -1000 -10
69 7 pedestrian 0 0 -10 558.66 171.88 643.56 259.85 -10 -10 -10 -100    0 -1000 -1000 -10
69 10 pedestrian 0 0 -10 141.81 180.97 209.07 211.76 -10 -10 -10 -100    0 -1000 -1000 -10
69 4 pedestrian 0 0 -10 15.74 170.19 135.62 230.92 -10 -10 -10 -100    0 -1000 -1000 -10
69 8 pedestrian 0 0 -10 331.09 164.11 365.21 197.69 -10 -10 -10 -100    0 -1000 -1000 -10
69 1 pedestrian 0 0 -10 542.73 180.41 584.70 225.55 -10 -10 -10 -100    0 -1000 -1000 -10
70 7 pedestrian 0 0 -10 556.44 169.04 638.81 254.98 -10 -10 -10 -100    0 -1000 -1000 -10
70 10 pedestrian 0 0 -10 131.97 177.65 201.34 209.95 -10 -10 -10 -100    0 -1000 -1000 -10
70 4 pedestrian 0 0 -10 0.00 165.43 127.17 230.95 -10 -10 -10 -100    0 -1000 -1000 -10
70 8 pedestrian 0 0 -10 323.46 159.56 357.68 195.48 -10 -10 -10 -100    0 -1000 -1000 -10
70 1 pedestrian 0 0 -10 543.35 178.58 584.72 221.73 -10 -10 -10 -100    0 -1000 -1000 -10
71 7 pedestrian 0 0 -10 555.09 168.97 635.63 253.73 -10 -10 -10 -100    0 -1000 -1000 -10
71 10 pedestrian 0 0 -10 119.76 178.14 188.02 210.15 -10 -10 -10 -100    0 -1000 -1000 -10
71 4 pedestrian 0 0 -10 0.00 163.45 116.63 234.23 -10 -10 -10 -100    0 -1000 -1000 -10
71 8 pedestrian 0 0 -10 315.40 160.65 355.27 197.06 -10 -10 -10 -100    0 -1000 -1000 -10
71 1 pedestrian 0 0 -10 547.58 179.08 584.11 220.44 -10 -10 -10 -100    0 -1000 -1000 -10
72 7 pedestrian 0 0 -10 553.80 170.78 632.43 254.22 -10 -10 -10 -100    0 -1000 -1000 -10
72 10 pedestrian 0 0 -10 107.34 178.44 183.02 212.52 -10 -10 -10 -100    0 -1000 -1000 -10
72 4 pedestrian 0 0 -10 0.00 166.68 107.98 238.03 -10 -10 -10 -100    0 -1000 -1000 -10
72 8 pedestrian 0 0 -10 306.36 161.21 345.74 199.86 -10 -10 -10 -100    0 -1000 -1000 -10
72 1 pedestrian 0 0 -10 548.21 180.76 585.20 222.04 -10 -10 -10 -100    0 -1000 -1000 -10
73 12 pedestrian 0 0 -10 407.37 174.41 443.37 193.65 -10 -10 -10 -100    0 -1000 -1000 -10
73 7 pedestrian 0 0 -10 552.33 172.60 628.18 254.44 -10 -10 -10 -100    0 -1000 -1000 -10
73 10 pedestrian 0 0 -10 93.87 179.68 174.31 214.98 -10 -10 -10 -100    0 -1000 -1000 -10
73 4 pedestrian 0 0 -10 0.02 167.09 95.94 242.71 -10 -10 -10 -100    0 -1000 -1000 -10
73 8 pedestrian 0 0 -10 297.48 162.05 341.55 202.06 -10 -10 -10 -100    0 -1000 -1000 -10
73 1 pedestrian 0 0 -10 547.22 180.71 585.24 223.10 -10 -10 -10 -100    0 -1000 -1000 -10
74 12 pedestrian 0 0 -10 407.54 173.67 437.80 192.48 -10 -10 -10 -100    0 -1000 -1000 -10
74 7 pedestrian 0 0 -10 551.27 174.27 626.17 254.20 -10 -10 -10 -100    0 -1000 -1000 -10
74 10 pedestrian 0 0 -10 78.06 180.90 164.50 216.64 -10 -10 -10 -100    0 -1000 -1000 -10
74 4 pedestrian 0 0 -10 0.00 166.65 64.50 248.83 -10 -10 -10 -100    0 -1000 -1000 -10
74 8 pedestrian 0 0 -10 287.90 162.73 334.46 204.05 -10 -10 -10 -100    0 -1000 -1000 -10
74 1 pedestrian 0 0 -10 544.38 181.22 582.46 225.48 -10 -10 -10 -100    0 -1000 -1000 -10
75 14 pedestrian 0 0 -10 340.10 175.23 384.83 197.59 -10 -10 -10 -100    0 -1000 -1000 -10
75 12 pedestrian 0 0 -10 406.88 173.62 438.19 193.72 -10 -10 -10 -100    0 -1000 -1000 -10
75 7 pedestrian 0 0 -10 551.40 173.96 623.85 252.83 -10 -10 -10 -100    0 -1000 -1000 -10
75 10 pedestrian 0 0 -10 68.29 179.30 155.58 215.28 -10 -10 -10 -100    0 -1000 -1000 -10
75 8 pedestrian 0 0 -10 277.19 162.45 326.41 204.81 -10 -10 -10 -100    0 -1000 -1000 -10
76 14 pedestrian 0 0 -10 339.52 174.72 387.44 196.95 -10 -10 -10 -100    0 -1000 -1000 -10
76 12 pedestrian 0 0 -10 408.69 173.21 437.48 193.22 -10 -10 -10 -100    0 -1000 -1000 -10
76 7 pedestrian 0 0 -10 551.03 173.42 622.61 252.32 -10 -10 -10 -100    0 -1000 -1000 -10
76 10 pedestrian 0 0 -10 53.15 178.20 145.91 216.05 -10 -10 -10 -100    0 -1000 -1000 -10
76 8 pedestrian 0 0 -10 265.14 160.00 318.71 206.09 -10 -10 -10 -100    0 -1000 -1000 -10
77 14 pedestrian 0 0 -10 338.73 174.85 387.84 197.45 -10 -10 -10 -100    0 -1000 -1000 -10
77 13 pedestrian 0 0 -10 514.94 171.37 534.52 187.75 -10 -10 -10 -100    0 -1000 -1000 -10
77 12 pedestrian 0 0 -10 406.56 172.79 436.95 192.81 -10 -10 -10 -100    0 -1000 -1000 -10
77 7 pedestrian 0 0 -10 551.27 174.61 620.79 251.26 -10 -10 -10 -100    0 -1000 -1000 -10
77 10 pedestrian 0 0 -10 38.23 177.74 135.84 216.91 -10 -10 -10 -100    0 -1000 -1000 -10
77 8 pedestrian 0 0 -10 251.21 158.65 309.34 206.55 -10 -10 -10 -100    0 -1000 -1000 -10
78 14 pedestrian 0 0 -10 335.08 175.36 388.03 197.79 -10 -10 -10 -100    0 -1000 -1000 -10
78 13 pedestrian 0 0 -10 516.92 171.38 535.92 187.36 -10 -10 -10 -100    0 -1000 -1000 -10
78 12 pedestrian 0 0 -10 409.33 173.88 437.70 193.22 -10 -10 -10 -100    0 -1000 -1000 -10
78 7 pedestrian 0 0 -10 551.15 175.04 619.58 249.73 -10 -10 -10 -100    0 -1000 -1000 -10
78 10 pedestrian 0 0 -10 20.70 178.23 124.14 218.79 -10 -10 -10 -100    0 -1000 -1000 -10
78 8 pedestrian 0 0 -10 235.93 158.22 298.53 208.53 -10 -10 -10 -100    0 -1000 -1000 -10
79 14 pedestrian 0 0 -10 335.16 175.15 390.55 196.49 -10 -10 -10 -100    0 -1000 -1000 -10
79 13 pedestrian 0 0 -10 517.56 170.80 539.23 187.99 -10 -10 -10 -100    0 -1000 -1000 -10
79 12 pedestrian 0 0 -10 411.32 173.08 440.41 192.58 -10 -10 -10 -100    0 -1000 -1000 -10
79 7 pedestrian 0 0 -10 551.33 175.33 618.32 248.47 -10 -10 -10 -100    0 -1000 -1000 -10
79 10 pedestrian 0 0 -10 2.67 176.90 111.94 218.94 -10 -10 -10 -100    0 -1000 -1000 -10
79 8 pedestrian 0 0 -10 219.50 155.45 287.39 209.40 -10 -10 -10 -100    0 -1000 -1000 -10
80 14 pedestrian 0 0 -10 334.45 173.23 390.55 195.03 -10 -10 -10 -100    0 -1000 -1000 -10
80 13 pedestrian 0 0 -10 519.50 169.45 540.59 186.79 -10 -10 -10 -100    0 -1000 -1000 -10
80 12 pedestrian 0 0 -10 412.90 171.76 441.25 191.41 -10 -10 -10 -100    0 -1000 -1000 -10
80 7 pedestrian 0 0 -10 550.84 174.06 617.21 247.94 -10 -10 -10 -100    0 -1000 -1000 -10
80 10 pedestrian 0 0 -10 0.00 177.29 99.81 219.79 -10 -10 -10 -100    0 -1000 -1000 -10
80 8 pedestrian 0 0 -10 200.20 153.13 275.31 210.53 -10 -10 -10 -100    0 -1000 -1000 -10
81 14 pedestrian 0 0 -10 334.08 171.74 393.14 193.93 -10 -10 -10 -100    0 -1000 -1000 -10
81 13 pedestrian 0 0 -10 524.83 170.38 543.07 187.03 -10 -10 -10 -100    0 -1000 -1000 -10
81 7 pedestrian 0 0 -10 552.95 173.74 617.10 245.37 -10 -10 -10 -100    0 -1000 -1000 -10
81 10 pedestrian 0 0 -10 0.05 176.36 85.60 221.42 -10 -10 -10 -100    0 -1000 -1000 -10
81 8 pedestrian 0 0 -10 178.68 149.76 260.53 211.37 -10 -10 -10 -100    0 -1000 -1000 -10
82 14 pedestrian 0 0 -10 333.27 170.83 393.49 194.70 -10 -10 -10 -100    0 -1000 -1000 -10
82 13 pedestrian 0 0 -10 527.28 170.45 545.42 188.31 -10 -10 -10 -100    0 -1000 -1000 -10
82 7 pedestrian 0 0 -10 553.99 174.07 617.83 246.21 -10 -10 -10 -100    0 -1000 -1000 -10
82 10 pedestrian 0 0 -10 0.09 176.56 71.13 222.54 -10 -10 -10 -100    0 -1000 -1000 -10
82 8 pedestrian 0 0 -10 154.12 148.97 244.75 213.55 -10 -10 -10 -100    0 -1000 -1000 -10
83 14 pedestrian 0 0 -10 331.85 168.22 394.97 194.62 -10 -10 -10 -100    0 -1000 -1000 -10
83 13 pedestrian 0 0 -10 530.07 170.58 548.10 188.39 -10 -10 -10 -100    0 -1000 -1000 -10
83 7 pedestrian 0 0 -10 555.52 173.98 618.36 243.81 -10 -10 -10 -100    0 -1000 -1000 -10
83 10 pedestrian 0 0 -10 0.00 176.02 55.08 222.40 -10 -10 -10 -100    0 -1000 -1000 -10
83 8 pedestrian 0 0 -10 124.04 146.92 224.90 216.32 -10 -10 -10 -100    0 -1000 -1000 -10
84 14 pedestrian 0 0 -10 328.49 166.39 393.67 194.50 -10 -10 -10 -100    0 -1000 -1000 -10
84 13 pedestrian 0 0 -10 532.18 171.70 551.49 188.68 -10 -10 -10 -100    0 -1000 -1000 -10
84 7 pedestrian 0 0 -10 556.76 173.58 618.75 242.41 -10 -10 -10 -100    0 -1000 -1000 -10
84 10 pedestrian 0 0 -10 0.00 174.51 37.45 222.59 -10 -10 -10 -100    0 -1000 -1000 -10
84 8 pedestrian 0 0 -10 89.44 144.30 201.90 219.09 -10 -10 -10 -100    0 -1000 -1000 -10
85 14 pedestrian 0 0 -10 328.11 165.18 392.90 194.28 -10 -10 -10 -100    0 -1000 -1000 -10
85 13 pedestrian 0 0 -10 531.86 170.64 552.27 187.09 -10 -10 -10 -100    0 -1000 -1000 -10
85 7 pedestrian 0 0 -10 558.24 172.29 618.80 240.26 -10 -10 -10 -100    0 -1000 -1000 -10
85 10 pedestrian 0 0 -10 0.00 173.03 16.61 216.75 -10 -10 -10 -100    0 -1000 -1000 -10
85 8 pedestrian 0 0 -10 43.12 138.32 175.12 222.39 -10 -10 -10 -100    0 -1000 -1000 -10
86 14 pedestrian 0 0 -10 326.86 165.51 393.34 194.26 -10 -10 -10 -100    0 -1000 -1000 -10
86 13 pedestrian 0 0 -10 532.03 167.23 556.25 184.91 -10 -10 -10 -100    0 -1000 -1000 -10
86 7 pedestrian 0 0 -10 559.52 172.19 619.08 240.29 -10 -10 -10 -100    0 -1000 -1000 -10
86 8 pedestrian 0 0 -10 0.07 134.90 141.34 227.11 -10 -10 -10 -100    0 -1000 -1000 -10
87 14 pedestrian 0 0 -10 325.28 166.15 392.52 193.72 -10 -10 -10 -100    0 -1000 -1000 -10
87 13 pedestrian 0 0 -10 529.31 164.51 556.69 184.11 -10 -10 -10 -100    0 -1000 -1000 -10
87 7 pedestrian 0 0 -10 559.96 172.21 619.41 239.08 -10 -10 -10 -100    0 -1000 -1000 -10
87 8 pedestrian 0 0 -10 0.00 130.39 101.73 231.91 -10 -10 -10 -100    0 -1000 -1000 -10
88 14 pedestrian 0 0 -10 323.23 166.50 391.73 193.91 -10 -10 -10 -100    0 -1000 -1000 -10
88 13 pedestrian 0 0 -10 527.12 163.02 557.47 183.07 -10 -10 -10 -100    0 -1000 -1000 -10
88 7 pedestrian 0 0 -10 560.42 171.69 618.92 237.94 -10 -10 -10 -100    0 -1000 -1000 -10
88 8 pedestrian 0 0 -10 0.00 128.89 51.74 238.89 -10 -10 -10 -100    0 -1000 -1000 -10
89 14 pedestrian 0 0 -10 316.16 167.91 392.00 191.67 -10 -10 -10 -100    0 -1000 -1000 -10
89 13 pedestrian 0 0 -10 527.55 162.93 560.54 183.28 -10 -10 -10 -100    0 -1000 -1000 -10
89 7 pedestrian 0 0 -10 560.97 172.73 619.18 237.84 -10 -10 -10 -100    0 -1000 -1000 -10
90 14 pedestrian 0 0 -10 310.70 167.87 390.66 191.85 -10 -10 -10 -100    0 -1000 -1000 -10
90 13 pedestrian 0 0 -10 529.27 163.68 561.20 182.89 -10 -10 -10 -100    0 -1000 -1000 -10
90 7 pedestrian 0 0 -10 561.78 172.28 619.18 236.93 -10 -10 -10 -100    0 -1000 -1000 -10
91 14 pedestrian 0 0 -10 309.65 168.90 391.95 192.21 -10 -10 -10 -100    0 -1000 -1000 -10
91 13 pedestrian 0 0 -10 533.25 165.70 563.31 183.09 -10 -10 -10 -100    0 -1000 -1000 -10
91 7 pedestrian 0 0 -10 562.96 172.17 619.24 235.93 -10 -10 -10 -100    0 -1000 -1000 -10
92 14 pedestrian 0 0 -10 307.11 168.29 389.36 193.10 -10 -10 -10 -100    0 -1000 -1000 -10
92 13 pedestrian 0 0 -10 535.92 167.70 563.43 184.79 -10 -10 -10 -100    0 -1000 -1000 -10
92 7 pedestrian 0 0 -10 563.27 171.80 619.77 235.12 -10 -10 -10 -100    0 -1000 -1000 -10
93 14 pedestrian 0 0 -10 304.82 166.93 384.64 194.25 -10 -10 -10 -100    0 -1000 -1000 -10
93 7 pedestrian 0 0 -10 563.58 172.64 619.93 235.07 -10 -10 -10 -100    0 -1000 -1000 -10
94 14 pedestrian 0 0 -10 302.82 163.70 372.51 194.91 -10 -10 -10 -100    0 -1000 -1000 -10
94 7 pedestrian 0 0 -10 563.61 174.11 618.01 234.79 -10 -10 -10 -100    0 -1000 -1000 -10
95 14 pedestrian 0 0 -10 296.90 162.88 370.97 194.54 -10 -10 -10 -100    0 -1000 -1000 -10
95 7 pedestrian 0 0 -10 564.31 172.77 617.82 233.40 -10 -10 -10 -100    0 -1000 -1000 -10
96 14 pedestrian 0 0 -10 289.77 158.95 375.15 195.82 -10 -10 -10 -100    0 -1000 -1000 -10
96 7 pedestrian 0 0 -10 564.74 171.84 617.91 231.88 -10 -10 -10 -100    0 -1000 -1000 -10
97 14 pedestrian 0 0 -10 279.13 154.53 372.37 199.73 -10 -10 -10 -100    0 -1000 -1000 -10
97 7 pedestrian 0 0 -10 564.87 170.35 617.44 228.84 -10 -10 -10 -100    0 -1000 -1000 -10
98 7 pedestrian 0 0 -10 565.87 171.42 618.22 228.78 -10 -10 -10 -100    0 -1000 -1000 -10
99 7 pedestrian 0 0 -10 567.26 174.69 618.33 231.58 -10 -10 -10 -100    0 -1000 -1000 -10
100 7 pedestrian 0 0 -10 568.68 177.10 619.07 233.10 -10 -10 -10 -100    0 -1000 -1000 -10
101 12 pedestrian 0 0 -10 419.02 172.07 438.76 189.80 -10 -10 -10 -100    0 -1000 -1000 -10
101 16 pedestrian 0 0 -10 256.72 172.67 303.49 196.94 -10 -10 -10 -100    0 -1000 -1000 -10
101 7 pedestrian 0 0 -10 569.20 176.73 618.82 232.30 -10 -10 -10 -100    0 -1000 -1000 -10
102 16 pedestrian 0 0 -10 248.06 174.19 298.47 199.13 -10 -10 -10 -100    0 -1000 -1000 -10
102 7 pedestrian 0 0 -10 570.02 176.80 619.09 232.08 -10 -10 -10 -100    0 -1000 -1000 -10
102 17 pedestrian 0 0 -10 289.16 171.88 326.40 197.32 -10 -10 -10 -100    0 -1000 -1000 -10
103 16 pedestrian 0 0 -10 239.66 175.95 292.17 202.05 -10 -10 -10 -100    0 -1000 -1000 -10
103 7 pedestrian 0 0 -10 569.97 177.61 619.15 231.93 -10 -10 -10 -100    0 -1000 -1000 -10
103 17 pedestrian 0 0 -10 282.12 175.08 324.00 199.38 -10 -10 -10 -100    0 -1000 -1000 -10
103 19 pedestrian 0 0 -10 312.78 175.49 347.26 196.68 -10 -10 -10 -100    0 -1000 -1000 -10
104 16 pedestrian 0 0 -10 229.51 177.33 283.54 203.48 -10 -10 -10 -100    0 -1000 -1000 -10
104 7 pedestrian 0 0 -10 569.83 178.53 618.37 231.98 -10 -10 -10 -100    0 -1000 -1000 -10
104 17 pedestrian 0 0 -10 272.76 176.52 318.83 201.54 -10 -10 -10 -100    0 -1000 -1000 -10
104 19 pedestrian 0 0 -10 305.54 177.15 343.64 198.50 -10 -10 -10 -100    0 -1000 -1000 -10
105 16 pedestrian 0 0 -10 221.80 176.14 276.82 202.96 -10 -10 -10 -100    0 -1000 -1000 -10
105 7 pedestrian 0 0 -10 570.89 177.47 618.19 229.68 -10 -10 -10 -100    0 -1000 -1000 -10
105 17 pedestrian 0 0 -10 267.00 177.72 311.77 202.34 -10 -10 -10 -100    0 -1000 -1000 -10
105 19 pedestrian 0 0 -10 300.03 177.64 338.80 199.19 -10 -10 -10 -100    0 -1000 -1000 -10
106 16 pedestrian 0 0 -10 209.18 176.81 268.27 204.07 -10 -10 -10 -100    0 -1000 -1000 -10
106 7 pedestrian 0 0 -10 572.03 176.44 617.62 228.45 -10 -10 -10 -100    0 -1000 -1000 -10
106 17 pedestrian 0 0 -10 259.30 177.51 306.15 201.99 -10 -10 -10 -100    0 -1000 -1000 -10
106 19 pedestrian 0 0 -10 293.42 176.89 334.73 198.47 -10 -10 -10 -100    0 -1000 -1000 -10
107 16 pedestrian 0 0 -10 199.71 175.44 260.60 204.44 -10 -10 -10 -100    0 -1000 -1000 -10
107 7 pedestrian 0 0 -10 571.87 176.15 617.83 228.21 -10 -10 -10 -100    0 -1000 -1000 -10
107 17 pedestrian 0 0 -10 251.50 177.21 299.48 202.37 -10 -10 -10 -100    0 -1000 -1000 -10
107 19 pedestrian 0 0 -10 286.63 177.13 329.38 199.17 -10 -10 -10 -100    0 -1000 -1000 -10
108 16 pedestrian 0 0 -10 195.07 176.53 251.38 205.98 -10 -10 -10 -100    0 -1000 -1000 -10
108 7 pedestrian 0 0 -10 572.89 176.23 618.91 228.12 -10 -10 -10 -100    0 -1000 -1000 -10
108 17 pedestrian 0 0 -10 242.84 177.56 293.23 203.70 -10 -10 -10 -100    0 -1000 -1000 -10
108 18 pedestrian 0 0 -10 490.82 173.34 508.37 187.24 -10 -10 -10 -100    0 -1000 -1000 -10
108 19 pedestrian 0 0 -10 281.77 177.34 324.40 200.05 -10 -10 -10 -100    0 -1000 -1000 -10
109 16 pedestrian 0 0 -10 177.31 176.79 242.44 206.48 -10 -10 -10 -100    0 -1000 -1000 -10
109 7 pedestrian 0 0 -10 573.41 176.08 618.48 227.76 -10 -10 -10 -100    0 -1000 -1000 -10
109 17 pedestrian 0 0 -10 234.07 177.86 285.11 204.22 -10 -10 -10 -100    0 -1000 -1000 -10
109 19 pedestrian 0 0 -10 272.57 177.42 318.48 200.45 -10 -10 -10 -100    0 -1000 -1000 -10
110 16 pedestrian 0 0 -10 164.94 176.77 232.62 207.75 -10 -10 -10 -100    0 -1000 -1000 -10
110 7 pedestrian 0 0 -10 574.12 175.65 618.18 226.24 -10 -10 -10 -100    0 -1000 -1000 -10
110 17 pedestrian 0 0 -10 225.45 177.89 278.29 204.77 -10 -10 -10 -100    0 -1000 -1000 -10
110 19 pedestrian 0 0 -10 268.51 177.64 312.82 200.88 -10 -10 -10 -100    0 -1000 -1000 -10
111 16 pedestrian 0 0 -10 149.56 177.82 219.15 209.22 -10 -10 -10 -100    0 -1000 -1000 -10
111 7 pedestrian 0 0 -10 575.38 176.23 618.11 224.74 -10 -10 -10 -100    0 -1000 -1000 -10
111 17 pedestrian 0 0 -10 213.33 179.05 269.62 205.90 -10 -10 -10 -100    0 -1000 -1000 -10
111 19 pedestrian 0 0 -10 259.51 178.51 308.54 202.43 -10 -10 -10 -100    0 -1000 -1000 -10
112 16 pedestrian 0 0 -10 134.60 179.06 209.11 211.77 -10 -10 -10 -100    0 -1000 -1000 -10
112 7 pedestrian 0 0 -10 576.15 177.51 619.78 225.37 -10 -10 -10 -100    0 -1000 -1000 -10
112 17 pedestrian 0 0 -10 203.29 179.90 262.58 208.34 -10 -10 -10 -100    0 -1000 -1000 -10
112 19 pedestrian 0 0 -10 252.65 180.16 301.31 204.56 -10 -10 -10 -100    0 -1000 -1000 -10
112 20 pedestrian 0 0 -10 540.36 175.25 558.86 189.11 -10 -10 -10 -100    0 -1000 -1000 -10
113 21 pedestrian 0 0 -10 394.13 173.95 416.45 195.44 -10 -10 -10 -100    0 -1000 -1000 -10
113 16 pedestrian 0 0 -10 117.93 180.44 195.45 213.97 -10 -10 -10 -100    0 -1000 -1000 -10
113 7 pedestrian 0 0 -10 577.90 179.75 620.68 225.99 -10 -10 -10 -100    0 -1000 -1000 -10
113 17 pedestrian 0 0 -10 190.83 180.81 252.45 210.60 -10 -10 -10 -100    0 -1000 -1000 -10
113 19 pedestrian 0 0 -10 243.45 180.08 295.14 205.31 -10 -10 -10 -100    0 -1000 -1000 -10
113 20 pedestrian 0 0 -10 537.56 176.86 557.44 190.46 -10 -10 -10 -100    0 -1000 -1000 -10
114 21 pedestrian 0 0 -10 391.78 173.79 415.47 196.46 -10 -10 -10 -100    0 -1000 -1000 -10
114 16 pedestrian 0 0 -10 100.29 180.88 183.15 215.61 -10 -10 -10 -100    0 -1000 -1000 -10
114 7 pedestrian 0 0 -10 578.88 180.11 621.13 226.62 -10 -10 -10 -100    0 -1000 -1000 -10
114 17 pedestrian 0 0 -10 179.32 180.41 244.13 211.79 -10 -10 -10 -100    0 -1000 -1000 -10
114 19 pedestrian 0 0 -10 233.86 179.31 287.27 205.03 -10 -10 -10 -100    0 -1000 -1000 -10
114 20 pedestrian 0 0 -10 534.66 177.29 554.91 191.14 -10 -10 -10 -100    0 -1000 -1000 -10
115 21 pedestrian 0 0 -10 389.36 173.57 414.30 196.25 -10 -10 -10 -100    0 -1000 -1000 -10
115 16 pedestrian 0 0 -10 81.51 179.59 169.74 215.94 -10 -10 -10 -100    0 -1000 -1000 -10
115 7 pedestrian 0 0 -10 579.95 180.54 621.80 226.60 -10 -10 -10 -100    0 -1000 -1000 -10
115 17 pedestrian 0 0 -10 166.91 179.41 232.49 211.36 -10 -10 -10 -100    0 -1000 -1000 -10
115 19 pedestrian 0 0 -10 225.71 177.60 280.90 204.69 -10 -10 -10 -100    0 -1000 -1000 -10
115 20 pedestrian 0 0 -10 535.01 176.89 555.86 191.95 -10 -10 -10 -100    0 -1000 -1000 -10
116 16 pedestrian 0 0 -10 61.16 178.52 154.87 215.46 -10 -10 -10 -100    0 -1000 -1000 -10
116 7 pedestrian 0 0 -10 580.83 180.16 621.80 225.93 -10 -10 -10 -100    0 -1000 -1000 -10
116 21 pedestrian 0 0 -10 386.86 175.05 413.38 194.39 -10 -10 -10 -100    0 -1000 -1000 -10
116 17 pedestrian 0 0 -10 151.40 178.34 221.36 210.43 -10 -10 -10 -100    0 -1000 -1000 -10
116 18 pedestrian 0 0 -10 483.00 176.12 502.84 190.15 -10 -10 -10 -100    0 -1000 -1000 -10
116 19 pedestrian 0 0 -10 214.33 173.63 275.21 204.21 -10 -10 -10 -100    0 -1000 -1000 -10
117 16 pedestrian 0 0 -10 38.12 177.72 138.50 216.65 -10 -10 -10 -100    0 -1000 -1000 -10
117 7 pedestrian 0 0 -10 581.52 179.75 622.74 226.11 -10 -10 -10 -100    0 -1000 -1000 -10
117 21 pedestrian 0 0 -10 383.04 176.18 410.90 192.36 -10 -10 -10 -100    0 -1000 -1000 -10
117 17 pedestrian 0 0 -10 135.77 175.86 211.49 210.48 -10 -10 -10 -100    0 -1000 -1000 -10
117 18 pedestrian 0 0 -10 482.28 175.23 501.53 188.60 -10 -10 -10 -100    0 -1000 -1000 -10
117 19 pedestrian 0 0 -10 204.98 172.12 264.02 202.92 -10 -10 -10 -100    0 -1000 -1000 -10
118 16 pedestrian 0 0 -10 13.49 178.17 121.94 219.44 -10 -10 -10 -100    0 -1000 -1000 -10
118 7 pedestrian 0 0 -10 581.66 179.82 622.51 225.75 -10 -10 -10 -100    0 -1000 -1000 -10
118 21 pedestrian 0 0 -10 380.27 176.81 408.03 192.39 -10 -10 -10 -100    0 -1000 -1000 -10
118 17 pedestrian 0 0 -10 119.43 177.38 197.06 213.73 -10 -10 -10 -100    0 -1000 -1000 -10
118 18 pedestrian 0 0 -10 480.08 174.95 498.94 187.59 -10 -10 -10 -100    0 -1000 -1000 -10
118 19 pedestrian 0 0 -10 193.09 175.87 259.15 208.17 -10 -10 -10 -100    0 -1000 -1000 -10
119 16 pedestrian 0 0 -10 0.00 179.07 100.19 222.10 -10 -10 -10 -100    0 -1000 -1000 -10
119 7 pedestrian 0 0 -10 581.97 180.53 622.10 224.78 -10 -10 -10 -100    0 -1000 -1000 -10
119 21 pedestrian 0 0 -10 380.88 178.10 405.50 194.05 -10 -10 -10 -100    0 -1000 -1000 -10
119 17 pedestrian 0 0 -10 101.80 180.16 185.75 217.07 -10 -10 -10 -100    0 -1000 -1000 -10
119 18 pedestrian 0 0 -10 479.85 175.95 499.41 188.09 -10 -10 -10 -100    0 -1000 -1000 -10
119 19 pedestrian 0 0 -10 180.48 180.12 247.41 209.76 -10 -10 -10 -100    0 -1000 -1000 -10
120 16 pedestrian 0 0 -10 0.23 178.22 78.34 222.40 -10 -10 -10 -100    0 -1000 -1000 -10
120 7 pedestrian 0 0 -10 581.98 179.99 622.00 225.01 -10 -10 -10 -100    0 -1000 -1000 -10
120 21 pedestrian 0 0 -10 377.74 180.95 401.63 197.05 -10 -10 -10 -100    0 -1000 -1000 -10
120 17 pedestrian 0 0 -10 81.39 180.69 168.84 218.68 -10 -10 -10 -100    0 -1000 -1000 -10
120 18 pedestrian 0 0 -10 479.22 177.66 499.48 189.61 -10 -10 -10 -100    0 -1000 -1000 -10
120 19 pedestrian 0 0 -10 169.07 180.24 237.17 210.39 -10 -10 -10 -100    0 -1000 -1000 -10
121 16 pedestrian 0 0 -10 0.00 178.06 55.41 225.05 -10 -10 -10 -100    0 -1000 -1000 -10
121 7 pedestrian 0 0 -10 581.93 180.33 621.88 224.76 -10 -10 -10 -100    0 -1000 -1000 -10
121 17 pedestrian 0 0 -10 59.04 182.82 149.25 221.96 -10 -10 -10 -100    0 -1000 -1000 -10
121 18 pedestrian 0 0 -10 477.79 177.04 497.17 190.03 -10 -10 -10 -100    0 -1000 -1000 -10
121 19 pedestrian 0 0 -10 149.11 180.64 224.64 213.79 -10 -10 -10 -100    0 -1000 -1000 -10
122 16 pedestrian 0 0 -10 0.00 177.34 27.00 224.75 -10 -10 -10 -100    0 -1000 -1000 -10
122 7 pedestrian 0 0 -10 581.79 179.99 621.03 222.77 -10 -10 -10 -100    0 -1000 -1000 -10
122 17 pedestrian 0 0 -10 33.18 181.53 135.49 222.93 -10 -10 -10 -100    0 -1000 -1000 -10
122 18 pedestrian 0 0 -10 478.89 177.28 498.11 189.57 -10 -10 -10 -100    0 -1000 -1000 -10
122 19 pedestrian 0 0 -10 133.34 180.27 212.27 214.80 -10 -10 -10 -100    0 -1000 -1000 -10
123 7 pedestrian 0 0 -10 581.59 179.51 620.26 221.71 -10 -10 -10 -100    0 -1000 -1000 -10
123 17 pedestrian 0 0 -10 23.16 180.89 116.83 223.67 -10 -10 -10 -100    0 -1000 -1000 -10
123 18 pedestrian 0 0 -10 475.11 175.52 494.52 188.84 -10 -10 -10 -100    0 -1000 -1000 -10
123 19 pedestrian 0 0 -10 116.65 179.49 199.53 215.95 -10 -10 -10 -100    0 -1000 -1000 -10
124 7 pedestrian 0 0 -10 581.37 179.60 620.02 221.75 -10 -10 -10 -100    0 -1000 -1000 -10
124 21 pedestrian 0 0 -10 363.22 176.84 388.26 197.61 -10 -10 -10 -100    0 -1000 -1000 -10
124 17 pedestrian 0 0 -10 0.00 180.54 95.88 226.38 -10 -10 -10 -100    0 -1000 -1000 -10
124 19 pedestrian 0 0 -10 95.77 179.77 185.34 217.17 -10 -10 -10 -100    0 -1000 -1000 -10
125 7 pedestrian 0 0 -10 580.88 180.99 619.68 222.66 -10 -10 -10 -100    0 -1000 -1000 -10
125 21 pedestrian 0 0 -10 356.92 178.64 382.13 200.16 -10 -10 -10 -100    0 -1000 -1000 -10
125 17 pedestrian 0 0 -10 0.15 183.02 73.35 231.25 -10 -10 -10 -100    0 -1000 -1000 -10
125 19 pedestrian 0 0 -10 74.11 181.31 169.14 219.94 -10 -10 -10 -100    0 -1000 -1000 -10
126 7 pedestrian 0 0 -10 581.54 180.52 619.88 222.28 -10 -10 -10 -100    0 -1000 -1000 -10
126 21 pedestrian 0 0 -10 352.97 178.73 378.20 201.60 -10 -10 -10 -100    0 -1000 -1000 -10
126 17 pedestrian 0 0 -10 0.00 182.13 49.95 233.01 -10 -10 -10 -100    0 -1000 -1000 -10
126 19 pedestrian 0 0 -10 52.42 181.58 154.91 221.93 -10 -10 -10 -100    0 -1000 -1000 -10
127 7 pedestrian 0 0 -10 582.10 178.84 620.06 220.33 -10 -10 -10 -100    0 -1000 -1000 -10
127 21 pedestrian 0 0 -10 348.47 176.43 374.63 200.75 -10 -10 -10 -100    0 -1000 -1000 -10
127 19 pedestrian 0 0 -10 26.76 181.96 135.75 223.10 -10 -10 -10 -100    0 -1000 -1000 -10
128 7 pedestrian 0 0 -10 582.27 178.28 620.38 219.32 -10 -10 -10 -100    0 -1000 -1000 -10
128 21 pedestrian 0 0 -10 343.41 173.31 369.29 198.02 -10 -10 -10 -100    0 -1000 -1000 -10
128 19 pedestrian 0 0 -10 1.35 181.80 114.98 224.13 -10 -10 -10 -100    0 -1000 -1000 -10
129 7 pedestrian 0 0 -10 582.75 176.53 621.07 218.39 -10 -10 -10 -100    0 -1000 -1000 -10
129 18 pedestrian 0 0 -10 463.93 173.60 482.28 188.86 -10 -10 -10 -100    0 -1000 -1000 -10
129 19 pedestrian 0 0 -10 0.00 180.61 97.33 225.42 -10 -10 -10 -100    0 -1000 -1000 -10
130 7 pedestrian 0 0 -10 583.30 176.26 621.00 217.75 -10 -10 -10 -100    0 -1000 -1000 -10
130 18 pedestrian 0 0 -10 463.63 174.63 480.58 189.89 -10 -10 -10 -100    0 -1000 -1000 -10
130 19 pedestrian 0 0 -10 0.01 180.87 74.74 227.48 -10 -10 -10 -100    0 -1000 -1000 -10
131 7 pedestrian 0 0 -10 584.07 176.70 620.72 217.77 -10 -10 -10 -100    0 -1000 -1000 -10
131 18 pedestrian 0 0 -10 463.43 175.68 480.46 191.59 -10 -10 -10 -100    0 -1000 -1000 -10
131 19 pedestrian 0 0 -10 0.00 182.37 48.45 230.55 -10 -10 -10 -100    0 -1000 -1000 -10
132 7 pedestrian 0 0 -10 584.51 176.08 621.45 217.93 -10 -10 -10 -100    0 -1000 -1000 -10
132 21 pedestrian 0 0 -10 325.71 174.16 362.68 198.34 -10 -10 -10 -100    0 -1000 -1000 -10
132 18 pedestrian 0 0 -10 464.69 175.69 482.29 192.49 -10 -10 -10 -100    0 -1000 -1000 -10
132 19 pedestrian 0 0 -10 0.39 171.65 96.82 227.45 -10 -10 -10 -100    0 -1000 -1000 -10
133 7 pedestrian 0 0 -10 585.34 176.13 622.20 217.94 -10 -10 -10 -100    0 -1000 -1000 -10
133 21 pedestrian 0 0 -10 320.29 174.91 360.30 198.21 -10 -10 -10 -100    0 -1000 -1000 -10
133 19 pedestrian 0 0 -10 0.03 167.06 72.61 224.92 -10 -10 -10 -100    0 -1000 -1000 -10
134 7 pedestrian 0 0 -10 586.33 175.73 622.78 216.67 -10 -10 -10 -100    0 -1000 -1000 -10
134 21 pedestrian 0 0 -10 316.55 175.30 358.58 198.44 -10 -10 -10 -100    0 -1000 -1000 -10
135 7 pedestrian 0 0 -10 587.58 174.94 624.23 215.68 -10 -10 -10 -100    0 -1000 -1000 -10
135 21 pedestrian 0 0 -10 311.37 174.45 353.48 198.78 -10 -10 -10 -100    0 -1000 -1000 -10
135 17 pedestrian 0 0 -10 0.08 168.35 36.20 217.24 -10 -10 -10 -100    0 -1000 -1000 -10
136 7 pedestrian 0 0 -10 587.92 173.26 624.59 213.75 -10 -10 -10 -100    0 -1000 -1000 -10
136 21 pedestrian 0 0 -10 306.02 172.13 347.59 197.32 -10 -10 -10 -100    0 -1000 -1000 -10
136 17 pedestrian 0 0 -10 0.00 164.30 19.71 220.08 -10 -10 -10 -100    0 -1000 -1000 -10
137 7 pedestrian 0 0 -10 588.85 169.45 625.42 210.36 -10 -10 -10 -100    0 -1000 -1000 -10
137 21 pedestrian 0 0 -10 296.72 169.31 338.22 195.95 -10 -10 -10 -100    0 -1000 -1000 -10
138 7 pedestrian 0 0 -10 589.26 168.21 626.31 209.28 -10 -10 -10 -100    0 -1000 -1000 -10
138 21 pedestrian 0 0 -10 287.71 166.33 329.47 197.22 -10 -10 -10 -100    0 -1000 -1000 -10
139 7 pedestrian 0 0 -10 589.17 174.09 626.07 215.16 -10 -10 -10 -100    0 -1000 -1000 -10
139 21 pedestrian 0 0 -10 280.38 168.47 320.87 203.77 -10 -10 -10 -100    0 -1000 -1000 -10
140 7 pedestrian 0 0 -10 589.43 180.45 625.51 219.95 -10 -10 -10 -100    0 -1000 -1000 -10
140 21 pedestrian 0 0 -10 272.08 174.80 308.77 211.32 -10 -10 -10 -100    0 -1000 -1000 -10
141 7 pedestrian 0 0 -10 589.32 180.08 625.59 220.82 -10 -10 -10 -100    0 -1000 -1000 -10
141 21 pedestrian 0 0 -10 262.02 175.50 296.47 211.58 -10 -10 -10 -100    0 -1000 -1000 -10
142 7 pedestrian 0 0 -10 588.84 177.75 625.52 218.14 -10 -10 -10 -100    0 -1000 -1000 -10
142 21 pedestrian 0 0 -10 253.13 173.77 283.51 209.30 -10 -10 -10 -100    0 -1000 -1000 -10
143 7 pedestrian 0 0 -10 588.34 177.39 625.17 217.83 -10 -10 -10 -100    0 -1000 -1000 -10
143 21 pedestrian 0 0 -10 243.09 179.35 269.00 205.82 -10 -10 -10 -100    0 -1000 -1000 -10
