0 4 pedestrian 0 0 -10 714.34 182.77 764.54 200.71 -10 -10 -10 -100    0 -1000 -1000 -10
0 3 pedestrian 0 0 -10 654.07 179.76 688.50 210.34 -10 -10 -10 -100    0 -1000 -1000 -10
0 2 pedestrian 0 0 -10 460.37 179.57 563.36 221.22 -10 -10 -10 -100    0 -1000 -1000 -10
0 1 pedestrian 0 0 -10 554.02 165.79 665.50 286.43 -10 -10 -10 -100    0 -1000 -1000 -10
1 4 pedestrian 0 0 -10 714.24 182.70 764.26 200.79 -10 -10 -10 -100    0 -1000 -1000 -10
1 3 pedestrian 0 0 -10 654.35 179.91 689.13 210.56 -10 -10 -10 -100    0 -1000 -1000 -10
1 2 pedestrian 0 0 -10 472.41 179.59 579.12 221.74 -10 -10 -10 -100    0 -1000 -1000 -10
1 1 pedestrian 0 0 -10 572.95 165.19 684.68 284.44 -10 -10 -10 -100    0 -1000 -1000 -10
2 4 pedestrian 0 0 -10 714.98 182.57 765.02 200.43 -10 -10 -10 -100    0 -1000 -1000 -10
2 3 pedestrian 0 0 -10 655.40 179.89 688.29 210.99 -10 -10 -10 -100    0 -1000 -1000 -10
2 2 pedestrian 0 0 -10 486.32 179.35 591.90 221.83 -10 -10 -10 -100    0 -1000 -1000 -10
2 1 pedestrian 0 0 -10 590.23 163.96 700.70 284.12 -10 -10 -10 -100    0 -1000 -1000 -10
3 4 pedestrian 0 0 -10 714.77 182.43 764.63 199.91 -10 -10 -10 -100    0 -1000 -1000 -10
3 3 pedestrian 0 0 -10 654.40 180.26 693.20 212.42 -10 -10 -10 -100    0 -1000 -1000 -10
3 2 pedestrian 0 0 -10 499.04 179.43 604.88 221.59 -10 -10 -10 -100    0 -1000 -1000 -10
3 1 pedestrian 0 0 -10 608.24 164.72 718.35 282.60 -10 -10 -10 -100    0 -1000 -1000 -10
4 4 pedestrian 0 0 -10 715.02 182.61 764.78 199.69 -10 -10 -10 -100    0 -1000 -1000 -10
4 3 pedestrian 0 0 -10 655.86 182.31 687.85 211.43 -10 -10 -10 -100    0 -1000 -1000 -10
4 2 pedestrian 0 0 -10 510.10 179.16 613.84 221.82 -10 -10 -10 -100    0 -1000 -1000 -10
4 1 pedestrian 0 0 -10 626.23 163.53 735.98 281.61 -10 -10 -10 -100    0 -1000 -1000 -10
5 4 pedestrian 0 0 -10 715.49 182.71 763.83 199.45 -10 -10 -10 -100    0 -1000 -1000 -10
5 3 pedestrian 0 0 -10 655.05 179.87 693.34 212.43 -10 -10 -10 -100    0 -1000 -1000 -10
5 2 pedestrian 0 0 -10 520.68 178.94 627.29 221.82 -10 -10 -10 -100    0 -1000 -1000 -10
5 1 pedestrian 0 0 -10 645.81 163.37 755.34 280.52 -10 -10 -10 -100    0 -1000 -1000 -10
6 4 pedestrian 0 0 -10 717.32 182.80 764.91 199.74 -10 -10 -10 -100    0 -1000 -1000 -10
6 3 pedestrian 0 0 -10 654.85 179.83 690.22 211.90 -10 -10 -10 -100    0 -1000 -1000 -10
6 2 pedestrian 0 0 -10 532.38 179.40 638.74 221.61 -10 -10 -10 -100    0 -1000 -1000 -10
6 1 pedestrian 0 0 -10 662.96 164.45 774.40 280.33 -10 -10 -10 -100    0 -1000 -1000 -10
7 4 pedestrian 0 0 -10 717.46 182.59 766.06 201.09 -10 -10 -10 -100    0 -1000 -1000 -10
7 3 pedestrian 0 0 -10 654.98 179.70 688.62 210.40 -10 -10 -10 -100    0 -1000 -1000 -10
7 2 pedestrian 0 0 -10 544.09 178.80 649.65 221.12 -10 -10 -10 -100    0 -1000 -1000 -10
7 1 pedestrian 0 0 -10 680.67 164.00 789.81 280.21 -10 -10 -10 -100    0 -1000 -1000 -10
8 4 pedestrian 0 0 -10 715.59 183.37 763.96 201.40 -10 -10 -10 -100    0 -1000 -1000 -10
8 3 pedestrian 0 0 -10 654.48 180.15 688.69 210.60 -10 -10 -10 -100    0 -1000 -1000 -10
8 2 pedestrian 0 0 -10 555.17 179.33 660.35 220.83 -10 -10 -10 -100    0 -1000 -1000 -10
8 1 pedestrian 0 0 -10 699.20 163.01 807.73 279.94 -10 -10 -10 -100    0 -1000 -1000 -10
9 4 pedestrian 0 0 -10 714.79 182.77 763.95 201.40 -10 -10 -10 -100    0 -1000 -1000 -10
9 3 pedestrian 0 0 -10 654.04 180.02 688.52 210.84 -10 -10 -10 -100    0 -1000 -1000 -10
9 2 pedestrian 0 0 -10 566.62 178.95 671.32 220.06 -10 -10 -10 -100    0 -1000 -1000 -10
9 1 pedestrian 0 0 -10 716.23 161.13 825.40 278.35 -10 -10 -10 -100    0 -1000 -1000 -10
10 4 pedestrian 0 0 -10 714.34 182.59 762.99 200.57 -10 -10 -10 -100    0 -1000 -1000 -10
10 3 pedestrian 0 0 -10 655.31 180.31 687.39 210.74 -10 -10 -10 -100    0 -1000 -1000 -10
10 2 pedestrian 0 0 -10 578.14 179.04 681.94 219.41 -10 -10 -10 -100    0 -1000 -1000 -10
10 1 pedestrian 0 0 -10 732.33 161.14 844.69 278.24 -10 -10 -10 -100    0 -1000 -1000 -10
11 4 pedestrian 0 0 -10 713.88 182.76 762.08 200.20 -10 -10 -10 -100    0 -1000 -1000 -10
11 3 pedestrian 0 0 -10 656.55 180.24 690.47 207.73 -10 -10 -10 -100    0 -1000 -1000 -10
11 2 pedestrian 0 0 -10 587.72 179.18 691.37 219.78 -10 -10 -10 -100    0 -1000 -1000 -10
11 1 pedestrian 0 0 -10 750.66 162.13 860.58 277.34 -10 -10 -10 -100    0 -1000 -1000 -10
12 4 pedestrian 0 0 -10 714.48 183.01 763.27 199.94 -10 -10 -10 -100    0 -1000 -1000 -10
12 2 pedestrian 0 0 -10 597.07 179.00 700.25 219.16 -10 -10 -10 -100    0 -1000 -1000 -10
12 1 pedestrian 0 0 -10 768.42 161.41 878.93 276.74 -10 -10 -10 -100    0 -1000 -1000 -10
13 4 pedestrian 0 0 -10 713.41 183.13 763.88 199.94 -10 -10 -10 -100    0 -1000 -1000 -10
13 2 pedestrian 0 0 -10 611.27 179.15 710.13 218.80 -10 -10 -10 -100    0 -1000 -1000 -10
13 1 pedestrian 0 0 -10 785.93 161.80 896.43 275.28 -10 -10 -10 -100    0 -1000 -1000 -10
14 4 pedestrian 0 0 -10 714.71 183.05 764.50 200.40 -10 -10 -10 -100    0 -1000 -1000 -10
14 2 pedestrian 0 0 -10 621.66 178.87 717.85 218.68 -10 -10 -10 -100    0 -1000 -1000 -10
14 1 pedestrian 0 0 -10 802.39 161.10 914.25 274.95 -10 -10 -10 -100    0 -1000 -1000 -10
15 4 pedestrian 0 0 -10 715.14 182.53 764.27 200.32 -10 -10 -10 -100    0 -1000 -1000 -10
15 2 pedestrian 0 0 -10 632.80 178.21 727.35 218.29 -10 -10 -10 -100    0 -1000 -1000 -10
15 1 pedestrian 0 0 -10 819.00 161.32 932.05 274.40 -10 -10 -10 -100    0 -1000 -1000 -10
16 5 pedestrian 0 0 -10 591.44 180.83 602.52 214.61 -10 -10 -10 -100    0 -1000 -1000 -10
16 4 pedestrian 0 0 -10 715.18 182.43 763.54 200.21 -10 -10 -10 -100    0 -1000 -1000 -10
16 2 pedestrian 0 0 -10 644.71 178.17 734.61 217.45 -10 -10 -10 -100    0 -1000 -1000 -10
16 1 pedestrian 0 0 -10 836.74 161.07 950.08 273.52 -10 -10 -10 -100    0 -1000 -1000 -10
17 5 pedestrian 0 0 -10 589.78 180.33 600.03 215.26 -10 -10 -10 -100    0 -1000 -1000 -10
17 4 pedestrian 0 0 -10 715.24 182.47 765.38 199.68 -10 -10 -10 -100    0 -1000 -1000 -10
17 2 pedestrian 0 0 -10 652.96 177.86 741.66 217.45 -10 -10 -10 -100    0 -1000 -1000 -10
17 1 pedestrian 0 0 -10 853.92 159.61 966.52 272.54 -10 -10 -10 -100    0 -1000 -1000 -10
18 5 pedestrian 0 0 -10 585.66 179.51 596.36 216.70 -10 -10 -10 -100    0 -1000 -1000 -10
18 4 pedestrian 0 0 -10 715.61 182.20 764.38 199.89 -10 -10 -10 -100    0 -1000 -1000 -10
18 2 pedestrian 0 0 -10 662.55 178.29 747.09 216.89 -10 -10 -10 -100    0 -1000 -1000 -10
18 1 pedestrian 0 0 -10 870.38 159.20 983.83 271.48 -10 -10 -10 -100    0 -1000 -1000 -10
19 5 pedestrian 0 0 -10 583.70 179.56 594.45 216.68 -10 -10 -10 -100    0 -1000 -1000 -10
19 4 pedestrian 0 0 -10 716.23 181.73 763.45 200.24 -10 -10 -10 -100    0 -1000 -1000 -10
19 3 pedestrian 0 0 -10 654.42 179.84 689.63 210.67 -10 -10 -10 -100    0 -1000 -1000 -10
19 2 pedestrian 0 0 -10 674.53 178.76 750.85 216.12 -10 -10 -10 -100    0 -1000 -1000 -10
19 1 pedestrian 0 0 -10 887.30 158.84 999.73 270.70 -10 -10 -10 -100    0 -1000 -1000 -10
20 5 pedestrian 0 0 -10 580.93 180.59 591.96 215.43 -10 -10 -10 -100    0 -1000 -1000 -10
20 4 pedestrian 0 0 -10 719.35 181.00 764.53 200.40 -10 -10 -10 -100    0 -1000 -1000 -10
20 3 pedestrian 0 0 -10 654.30 179.91 689.12 210.58 -10 -10 -10 -100    0 -1000 -1000 -10
20 2 pedestrian 0 0 -10 680.00 178.60 756.31 215.60 -10 -10 -10 -100    0 -1000 -1000 -10
20 1 pedestrian 0 0 -10 903.05 158.39 1016.39 270.50 -10 -10 -10 -100    0 -1000 -1000 -10
21 5 pedestrian 0 0 -10 579.79 180.53 590.34 215.24 -10 -10 -10 -100    0 -1000 -1000 -10
21 3 pedestrian 0 0 -10 654.43 179.85 688.39 210.66 -10 -10 -10 -100    0 -1000 -1000 -10
21 2 pedestrian 0 0 -10 689.31 178.80 759.59 214.93 -10 -10 -10 -100    0 -1000 -1000 -10
21 1 pedestrian 0 0 -10 920.48 157.77 1033.12 269.19 -10 -10 -10 -100    0 -1000 -1000 -10
22 5 pedestrian 0 0 -10 575.49 179.71 585.46 215.34 -10 -10 -10 -100    0 -1000 -1000 -10
22 3 pedestrian 0 0 -10 654.57 179.96 689.03 210.62 -10 -10 -10 -100    0 -1000 -1000 -10
22 2 pedestrian 0 0 -10 697.59 179.22 763.63 214.27 -10 -10 -10 -100    0 -1000 -1000 -10
22 1 pedestrian 0 0 -10 937.19 159.79 1048.23 268.45 -10 -10 -10 -100    0 -1000 -1000 -10
23 5 pedestrian 0 0 -10 569.73 180.83 580.17 215.27 -10 -10 -10 -100    0 -1000 -1000 -10
23 3 pedestrian 0 0 -10 654.62 179.98 689.23 210.71 -10 -10 -10 -100    0 -1000 -1000 -10
23 2 pedestrian 0 0 -10 704.41 179.72 766.47 213.62 -10 -10 -10 -100    0 -1000 -1000 -10
23 1 pedestrian 0 0 -10 954.17 159.03 1064.99 267.71 -10 -10 -10 -100    0 -1000 -1000 -10
24 5 pedestrian 0 0 -10 568.51 180.91 579.66 215.16 -10 -10 -10 -100    0 -1000 -1000 -10
24 3 pedestrian 0 0 -10 654.55 180.00 689.18 210.66 -10 -10 -10 -100    0 -1000 -1000 -10
24 2 pedestrian 0 0 -10 710.72 179.90 768.70 213.57 -10 -10 -10 -100    0 -1000 -1000 -10
24 1 pedestrian 0 0 -10 969.85 158.56 1081.49 267.32 -10 -10 -10 -100    0 -1000 -1000 -10
25 5 pedestrian 0 0 -10 567.63 181.47 578.33 215.09 -10 -10 -10 -100    0 -1000 -1000 -10
25 3 pedestrian 0 0 -10 654.52 179.96 689.23 210.62 -10 -10 -10 -100    0 -1000 -1000 -10
25 2 pedestrian 0 0 -10 715.36 179.97 770.06 213.14 -10 -10 -10 -100    0 -1000 -1000 -10
25 1 pedestrian 0 0 -10 985.72 155.82 1097.59 266.17 -10 -10 -10 -100    0 -1000 -1000 -10
26 5 pedestrian 0 0 -10 565.44 181.50 575.59 216.07 -10 -10 -10 -100    0 -1000 -1000 -10
26 3 pedestrian 0 0 -10 654.70 179.90 689.20 210.73 -10 -10 -10 -100    0 -1000 -1000 -10
26 2 pedestrian 0 0 -10 720.39 180.03 772.00 212.86 -10 -10 -10 -100    0 -1000 -1000 -10
26 1 pedestrian 0 0 -10 1002.50 157.34 1112.35 265.45 -10 -10 -10 -100    0 -1000 -1000 -10
27 5 pedestrian 0 0 -10 563.21 181.02 573.23 216.15 -10 -10 -10 -100    0 -1000 -1000 -10
27 3 pedestrian 0 0 -10 654.44 179.86 688.92 210.82 -10 -10 -10 -100    0 -1000 -1000 -10
27 2 pedestrian 0 0 -10 724.49 180.05 773.12 212.52 -10 -10 -10 -100    0 -1000 -1000 -10
27 1 pedestrian 0 0 -10 1018.32 157.19 1131.07 265.13 -10 -10 -10 -100    0 -1000 -1000 -10
28 5 pedestrian 0 0 -10 559.66 180.90 570.29 215.82 -10 -10 -10 -100    0 -1000 -1000 -10
28 4 pedestrian 0 0 -10 703.72 184.53 754.81 204.69 -10 -10 -10 -100    0 -1000 -1000 -10
28 3 pedestrian 0 0 -10 654.48 179.83 688.91 210.76 -10 -10 -10 -100    0 -1000 -1000 -10
28 2 pedestrian 0 0 -10 728.32 180.32 773.56 212.13 -10 -10 -10 -100    0 -1000 -1000 -10
28 1 pedestrian 0 0 -10 1035.47 156.89 1147.18 264.59 -10 -10 -10 -100    0 -1000 -1000 -10
29 5 pedestrian 0 0 -10 559.24 181.30 570.31 216.44 -10 -10 -10 -100    0 -1000 -1000 -10
29 4 pedestrian 0 0 -10 703.89 184.61 754.31 204.02 -10 -10 -10 -100    0 -1000 -1000 -10
29 3 pedestrian 0 0 -10 654.50 179.85 688.83 210.78 -10 -10 -10 -100    0 -1000 -1000 -10
29 2 pedestrian 0 0 -10 731.85 180.32 774.62 211.73 -10 -10 -10 -100    0 -1000 -1000 -10
29 1 pedestrian 0 0 -10 1052.00 157.37 1163.18 264.35 -10 -10 -10 -100    0 -1000 -1000 -10
30 5 pedestrian 0 0 -10 556.94 181.03 567.76 216.64 -10 -10 -10 -100    0 -1000 -1000 -10
30 4 pedestrian 0 0 -10 704.40 184.69 756.66 204.16 -10 -10 -10 -100    0 -1000 -1000 -10
30 3 pedestrian 0 0 -10 654.52 179.97 689.02 210.67 -10 -10 -10 -100    0 -1000 -1000 -10
30 2 pedestrian 0 0 -10 735.69 180.97 774.02 211.65 -10 -10 -10 -100    0 -1000 -1000 -10
30 1 pedestrian 0 0 -10 1067.50 159.18 1184.28 263.00 -10 -10 -10 -100    0 -1000 -1000 -10
31 4 pedestrian 0 0 -10 704.34 184.41 756.64 203.59 -10 -10 -10 -100    0 -1000 -1000 -10
31 3 pedestrian 0 0 -10 654.73 179.80 688.91 210.72 -10 -10 -10 -100    0 -1000 -1000 -10
31 2 pedestrian 0 0 -10 737.89 181.10 775.52 210.92 -10 -10 -10 -100    0 -1000 -1000 -10
31 1 pedestrian 0 0 -10 1083.10 159.09 1197.98 263.89 -10 -10 -10 -100    0 -1000 -1000 -10
32 4 pedestrian 0 0 -10 704.47 184.54 756.49 203.47 -10 -10 -10 -100    0 -1000 -1000 -10
32 3 pedestrian 0 0 -10 654.60 179.95 689.14 210.72 -10 -10 -10 -100    0 -1000 -1000 -10
32 2 pedestrian 0 0 -10 739.25 181.32 776.96 210.47 -10 -10 -10 -100    0 -1000 -1000 -10
32 1 pedestrian 0 0 -10 1099.09 157.92 1214.40 262.39 -10 -10 -10 -100    0 -1000 -1000 -10
33 4 pedestrian 0 0 -10 704.50 184.63 756.38 203.62 -10 -10 -10 -100    0 -1000 -1000 -10
33 3 pedestrian 0 0 -10 654.79 179.76 688.75 210.73 -10 -10 -10 -100    0 -1000 -1000 -10
33 2 pedestrian 0 0 -10 741.95 181.71 776.16 210.22 -10 -10 -10 -100    0 -1000 -1000 -10
33 1 pedestrian 0 0 -10 1113.57 157.38 1230.90 262.50 -10 -10 -10 -100    0 -1000 -1000 -10
34 5 pedestrian 0 0 -10 542.66 180.68 554.50 216.61 -10 -10 -10 -100    0 -1000 -1000 -10
34 4 pedestrian 0 0 -10 704.53 184.54 754.59 203.42 -10 -10 -10 -100    0 -1000 -1000 -10
34 3 pedestrian 0 0 -10 654.67 179.82 688.67 210.75 -10 -10 -10 -100    0 -1000 -1000 -10
34 2 pedestrian 0 0 -10 744.19 181.51 776.86 209.66 -10 -10 -10 -100    0 -1000 -1000 -10
34 1 pedestrian 0 0 -10 1131.55 155.66 1242.00 261.90 -10 -10 -10 -100    0 -1000 -1000 -10
35 5 pedestrian 0 0 -10 540.12 180.74 551.68 215.80 -10 -10 -10 -100    0 -1000 -1000 -10
35 4 pedestrian 0 0 -10 703.29 184.80 752.90 203.55 -10 -10 -10 -100    0 -1000 -1000 -10
35 3 pedestrian 0 0 -10 654.67 179.82 688.84 210.78 -10 -10 -10 -100    0 -1000 -1000 -10
35 2 pedestrian 0 0 -10 745.13 181.86 776.85 208.94 -10 -10 -10 -100    0 -1000 -1000 -10
35 1 pedestrian 0 0 -10 1155.16 155.73 1242.00 260.20 -10 -10 -10 -100    0 -1000 -1000 -10
36 5 pedestrian 0 0 -10 537.58 180.90 549.07 216.02 -10 -10 -10 -100    0 -1000 -1000 -10
36 4 pedestrian 0 0 -10 701.74 184.63 751.98 203.56 -10 -10 -10 -100    0 -1000 -1000 -10
36 3 pedestrian 0 0 -10 654.61 179.76 688.85 210.80 -10 -10 -10 -100    0 -1000 -1000 -10
36 2 pedestrian 0 0 -10 745.86 181.41 777.72 208.54 -10 -10 -10 -100    0 -1000 -1000 -10
36 1 pedestrian 0 0 -10 1164.88 157.83 1241.87 259.30 -10 -10 -10 -100    0 -1000 -1000 -10
37 5 pedestrian 0 0 -10 534.67 180.53 546.88 216.09 -10 -10 -10 -100    0 -1000 -1000 -10
37 4 pedestrian 0 0 -10 699.61 184.89 747.48 203.92 -10 -10 -10 -100    0 -1000 -1000 -10
37 3 pedestrian 0 0 -10 654.64 179.77 688.95 210.79 -10 -10 -10 -100    0 -1000 -1000 -10
37 2 pedestrian 0 0 -10 746.66 181.60 778.38 208.05 -10 -10 -10 -100    0 -1000 -1000 -10
37 1 pedestrian 0 0 -10 1180.64 156.82 1242.00 259.82 -10 -10 -10 -100    0 -1000 -1000 -10
38 5 pedestrian 0 0 -10 532.79 180.53 545.16 215.59 -10 -10 -10 -100    0 -1000 -1000 -10
38 4 pedestrian 0 0 -10 699.17 185.22 743.94 204.23 -10 -10 -10 -100    0 -1000 -1000 -10
38 3 pedestrian 0 0 -10 654.78 179.76 689.00 210.65 -10 -10 -10 -100    0 -1000 -1000 -10
38 2 pedestrian 0 0 -10 747.43 181.75 778.33 207.86 -10 -10 -10 -100    0 -1000 -1000 -10
38 1 pedestrian 0 0 -10 1199.74 156.30 1242.00 260.26 -10 -10 -10 -100    0 -1000 -1000 -10
39 5 pedestrian 0 0 -10 529.82 179.91 542.61 215.72 -10 -10 -10 -100    0 -1000 -1000 -10
39 4 pedestrian 0 0 -10 696.57 185.44 738.45 204.98 -10 -10 -10 -100    0 -1000 -1000 -10
39 3 pedestrian 0 0 -10 654.96 179.76 689.02 210.62 -10 -10 -10 -100    0 -1000 -1000 -10
39 2 pedestrian 0 0 -10 748.35 182.16 778.11 207.48 -10 -10 -10 -100    0 -1000 -1000 -10
39 1 pedestrian 0 0 -10 1215.81 153.69 1242.00 258.61 -10 -10 -10 -100    0 -1000 -1000 -10
40 5 pedestrian 0 0 -10 526.46 179.37 539.26 215.67 -10 -10 -10 -100    0 -1000 -1000 -10
40 4 pedestrian 0 0 -10 693.97 185.55 733.04 206.26 -10 -10 -10 -100    0 -1000 -1000 -10
40 3 pedestrian 0 0 -10 654.92 179.81 689.04 210.64 -10 -10 -10 -100    0 -1000 -1000 -10
40 2 pedestrian 0 0 -10 749.34 182.76 776.36 206.69 -10 -10 -10 -100    0 -1000 -1000 -10
41 5 pedestrian 0 0 -10 523.88 179.37 536.38 216.47 -10 -10 -10 -100    0 -1000 -1000 -10
41 4 pedestrian 0 0 -10 694.51 185.81 733.77 206.39 -10 -10 -10 -100    0 -1000 -1000 -10
41 3 pedestrian 0 0 -10 655.00 179.90 689.04 210.63 -10 -10 -10 -100    0 -1000 -1000 -10
41 2 pedestrian 0 0 -10 749.53 182.55 775.96 206.70 -10 -10 -10 -100    0 -1000 -1000 -10
42 5 pedestrian 0 0 -10 521.20 179.48 534.09 216.86 -10 -10 -10 -100    0 -1000 -1000 -10
42 4 pedestrian 0 0 -10 693.27 185.72 732.05 206.85 -10 -10 -10 -100    0 -1000 -1000 -10
42 3 pedestrian 0 0 -10 654.76 179.84 689.04 210.70 -10 -10 -10 -100    0 -1000 -1000 -10
42 2 pedestrian 0 0 -10 749.98 182.86 775.96 206.29 -10 -10 -10 -100    0 -1000 -1000 -10
43 5 pedestrian 0 0 -10 518.00 180.42 532.77 216.28 -10 -10 -10 -100    0 -1000 -1000 -10
43 4 pedestrian 0 0 -10 692.23 185.69 732.24 206.78 -10 -10 -10 -100    0 -1000 -1000 -10
43 3 pedestrian 0 0 -10 654.77 179.85 688.98 210.67 -10 -10 -10 -100    0 -1000 -1000 -10
43 2 pedestrian 0 0 -10 750.27 182.85 775.26 205.97 -10 -10 -10 -100    0 -1000 -1000 -10
44 5 pedestrian 0 0 -10 516.08 180.49 529.88 216.10 -10 -10 -10 -100    0 -1000 -1000 -10
44 4 pedestrian 0 0 -10 692.14 185.65 731.80 206.82 -10 -10 -10 -100    0 -1000 -1000 -10
44 3 pedestrian 0 0 -10 654.75 179.78 689.25 210.72 -10 -10 -10 -100    0 -1000 -1000 -10
44 2 pedestrian 0 0 -10 750.19 183.09 774.62 205.88 -10 -10 -10 -100    0 -1000 -1000 -10
45 5 pedestrian 0 0 -10 514.16 180.12 527.65 216.16 -10 -10 -10 -100    0 -1000 -1000 -10
45 4 pedestrian 0 0 -10 691.55 185.71 731.30 207.14 -10 -10 -10 -100    0 -1000 -1000 -10
45 3 pedestrian 0 0 -10 654.72 179.79 689.05 210.75 -10 -10 -10 -100    0 -1000 -1000 -10
45 2 pedestrian 0 0 -10 750.47 183.37 774.29 205.78 -10 -10 -10 -100    0 -1000 -1000 -10
46 5 pedestrian 0 0 -10 512.01 180.17 524.40 216.10 -10 -10 -10 -100    0 -1000 -1000 -10
46 4 pedestrian 0 0 -10 691.98 185.75 732.37 207.03 -10 -10 -10 -100    0 -1000 -1000 -10
46 3 pedestrian 0 0 -10 654.96 179.82 689.23 210.65 -10 -10 -10 -100    0 -1000 -1000 -10
46 2 pedestrian 0 0 -10 750.29 183.36 773.72 205.68 -10 -10 -10 -100    0 -1000 -1000 -10
47 5 pedestrian 0 0 -10 510.74 180.19 523.18 216.03 -10 -10 -10 -100    0 -1000 -1000 -10
47 4 pedestrian 0 0 -10 692.04 185.56 732.36 207.08 -10 -10 -10 -100    0 -1000 -1000 -10
47 3 pedestrian 0 0 -10 654.99 179.79 689.30 210.62 -10 -10 -10 -100    0 -1000 -1000 -10
47 2 pedestrian 0 0 -10 750.24 183.46 773.13 205.26 -10 -10 -10 -100    0 -1000 -1000 -10
48 5 pedestrian 0 0 -10 507.44 180.76 519.80 215.74 -10 -10 -10 -100    0 -1000 -1000 -10
48 4 pedestrian 0 0 -10 691.33 185.53 732.23 207.36 -10 -10 -10 -100    0 -1000 -1000 -10
48 3 pedestrian 0 0 -10 654.99 179.82 689.25 210.64 -10 -10 -10 -100    0 -1000 -1000 -10
48 2 pedestrian 0 0 -10 750.07 183.86 772.37 205.16 -10 -10 -10 -100    0 -1000 -1000 -10
49 5 pedestrian 0 0 -10 504.64 180.77 516.41 215.53 -10 -10 -10 -100    0 -1000 -1000 -10
49 4 pedestrian 0 0 -10 691.53 185.62 732.34 207.24 -10 -10 -10 -100    0 -1000 -1000 -10
49 3 pedestrian 0 0 -10 655.03 179.81 689.31 210.66 -10 -10 -10 -100    0 -1000 -1000 -10
49 2 pedestrian 0 0 -10 749.82 184.11 771.83 205.05 -10 -10 -10 -100    0 -1000 -1000 -10
50 5 pedestrian 0 0 -10 501.22 180.50 513.74 215.93 -10 -10 -10 -100    0 -1000 -1000 -10
50 4 pedestrian 0 0 -10 691.21 185.47 731.93 207.25 -10 -10 -10 -100    0 -1000 -1000 -10
50 3 pedestrian 0 0 -10 654.83 179.83 689.15 210.71 -10 -10 -10 -100    0 -1000 -1000 -10
50 2 pedestrian 0 0 -10 749.48 183.68 772.02 205.12 -10 -10 -10 -100    0 -1000 -1000 -10
51 5 pedestrian 0 0 -10 498.11 180.41 510.58 215.80 -10 -10 -10 -100    0 -1000 -1000 -10
51 4 pedestrian 0 0 -10 690.61 185.33 731.66 207.43 -10 -10 -10 -100    0 -1000 -1000 -10
51 3 pedestrian 0 0 -10 654.79 179.87 689.16 210.70 -10 -10 -10 -100    0 -1000 -1000 -10
51 2 pedestrian 0 0 -10 749.40 184.08 771.50 204.93 -10 -10 -10 -100    0 -1000 -1000 -10
52 5 pedestrian 0 0 -10 496.03 180.07 508.73 216.25 -10 -10 -10 -100    0 -1000 -1000 -10
52 4 pedestrian 0 0 -10 690.15 185.31 731.53 207.72 -10 -10 -10 -100    0 -1000 -1000 -10
52 3 pedestrian 0 0 -10 654.79 179.87 688.88 210.69 -10 -10 -10 -100    0 -1000 -1000 -10
52 2 pedestrian 0 0 -10 749.19 184.28 771.30 204.83 -10 -10 -10 -100    0 -1000 -1000 -10
53 5 pedestrian 0 0 -10 493.33 179.87 506.09 216.50 -10 -10 -10 -100    0 -1000 -1000 -10
53 4 pedestrian 0 0 -10 689.03 185.21 730.86 208.16 -10 -10 -10 -100    0 -1000 -1000 -10
53 3 pedestrian 0 0 -10 654.82 179.83 689.07 210.66 -10 -10 -10 -100    0 -1000 -1000 -10
53 2 pedestrian 0 0 -10 748.15 185.01 770.43 204.57 -10 -10 -10 -100    0 -1000 -1000 -10
54 5 pedestrian 0 0 -10 487.92 179.14 501.24 215.83 -10 -10 -10 -100    0 -1000 -1000 -10
54 4 pedestrian 0 0 -10 688.31 185.09 730.56 208.25 -10 -10 -10 -100    0 -1000 -1000 -10
54 3 pedestrian 0 0 -10 655.04 179.86 689.15 210.57 -10 -10 -10 -100    0 -1000 -1000 -10
54 2 pedestrian 0 0 -10 748.93 184.10 771.35 204.01 -10 -10 -10 -100    0 -1000 -1000 -10
55 5 pedestrian 0 0 -10 486.13 179.30 498.68 215.96 -10 -10 -10 -100    0 -1000 -1000 -10
55 4 pedestrian 0 0 -10 687.83 184.95 729.99 208.28 -10 -10 -10 -100    0 -1000 -1000 -10
55 3 pedestrian 0 0 -10 655.07 179.82 689.10 210.51 -10 -10 -10 -100    0 -1000 -1000 -10
55 2 pedestrian 0 0 -10 748.09 184.66 769.58 203.94 -10 -10 -10 -100    0 -1000 -1000 -10
56 5 pedestrian 0 0 -10 485.45 179.14 498.18 215.73 -10 -10 -10 -100    0 -1000 -1000 -10
56 4 pedestrian 0 0 -10 687.34 184.90 730.27 208.54 -10 -10 -10 -100    0 -1000 -1000 -10
56 3 pedestrian 0 0 -10 654.97 179.83 689.16 210.57 -10 -10 -10 -100    0 -1000 -1000 -10
56 2 pedestrian 0 0 -10 747.61 185.12 768.59 203.83 -10 -10 -10 -100    0 -1000 -1000 -10
57 5 pedestrian 0 0 -10 482.94 178.93 496.14 215.69 -10 -10 -10 -100    0 -1000 -1000 -10
57 4 pedestrian 0 0 -10 687.24 184.96 730.21 208.73 -10 -10 -10 -100    0 -1000 -1000 -10
57 3 pedestrian 0 0 -10 654.89 179.81 689.03 210.57 -10 -10 -10 -100    0 -1000 -1000 -10
57 2 pedestrian 0 0 -10 747.18 185.09 767.93 203.62 -10 -10 -10 -100    0 -1000 -1000 -10
58 5 pedestrian 0 0 -10 479.28 178.25 491.92 214.88 -10 -10 -10 -100    0 -1000 -1000 -10
58 4 pedestrian 0 0 -10 686.83 184.85 729.94 208.65 -10 -10 -10 -100    0 -1000 -1000 -10
58 3 pedestrian 0 0 -10 654.88 179.84 689.07 210.58 -10 -10 -10 -100    0 -1000 -1000 -10
58 2 pedestrian 0 0 -10 746.92 185.26 767.15 203.66 -10 -10 -10 -100    0 -1000 -1000 -10
59 5 pedestrian 0 0 -10 476.60 177.93 488.88 214.77 -10 -10 -10 -100    0 -1000 -1000 -10
59 4 pedestrian 0 0 -10 686.64 184.94 730.48 208.81 -10 -10 -10 -100    0 -1000 -1000 -10
59 3 pedestrian 0 0 -10 654.93 179.88 689.09 210.58 -10 -10 -10 -100    0 -1000 -1000 -10
59 2 pedestrian 0 0 -10 746.49 185.42 766.64 203.39 -10 -10 -10 -100    0 -1000 -1000 -10
60 6 pedestrian 0 0 -10 763.44 181.36 791.87 201.98 -10 -10 -10 -100    0 -1000 -1000 -10
60 5 pedestrian 0 0 -10 473.65 178.25 486.24 214.96 -10 -10 -10 -100    0 -1000 -1000 -10
60 4 pedestrian 0 0 -10 686.94 184.90 730.75 209.26 -10 -10 -10 -100    0 -1000 -1000 -10
60 3 pedestrian 0 0 -10 654.87 179.84 689.06 210.51 -10 -10 -10 -100    0 -1000 -1000 -10
60 2 pedestrian 0 0 -10 746.16 185.25 766.14 202.96 -10 -10 -10 -100    0 -1000 -1000 -10
61 6 pedestrian 0 0 -10 763.38 181.55 792.56 201.93 -10 -10 -10 -100    0 -1000 -1000 -10
61 5 pedestrian 0 0 -10 470.79 178.19 484.19 214.92 -10 -10 -10 -100    0 -1000 -1000 -10
61 4 pedestrian 0 0 -10 686.31 184.55 730.51 208.89 -10 -10 -10 -100    0 -1000 -1000 -10
61 3 pedestrian 0 0 -10 654.88 179.77 689.04 210.55 -10 -10 -10 -100    0 -1000 -1000 -10
61 2 pedestrian 0 0 -10 745.81 185.28 765.17 202.85 -10 -10 -10 -100    0 -1000 -1000 -10
62 6 pedestrian 0 0 -10 764.48 181.68 793.64 201.67 -10 -10 -10 -100    0 -1000 -1000 -10
62 5 pedestrian 0 0 -10 469.54 178.25 483.07 215.31 -10 -10 -10 -100    0 -1000 -1000 -10
62 4 pedestrian 0 0 -10 686.03 184.53 730.44 208.93 -10 -10 -10 -100    0 -1000 -1000 -10
62 3 pedestrian 0 0 -10 654.98 179.89 689.36 210.45 -10 -10 -10 -100    0 -1000 -1000 -10
62 2 pedestrian 0 0 -10 745.34 185.44 764.62 202.86 -10 -10 -10 -100    0 -1000 -1000 -10
63 6 pedestrian 0 0 -10 766.56 181.68 794.97 201.23 -10 -10 -10 -100    0 -1000 -1000 -10
63 5 pedestrian 0 0 -10 466.39 177.86 479.10 214.99 -10 -10 -10 -100    0 -1000 -1000 -10
63 4 pedestrian 0 0 -10 686.31 184.68 731.22 208.99 -10 -10 -10 -100    0 -1000 -1000 -10
63 3 pedestrian 0 0 -10 655.01 179.85 689.26 210.42 -10 -10 -10 -100    0 -1000 -1000 -10
63 2 pedestrian 0 0 -10 745.54 185.66 763.78 202.40 -10 -10 -10 -100    0 -1000 -1000 -10
64 6 pedestrian 0 0 -10 769.03 181.68 795.24 201.02 -10 -10 -10 -100    0 -1000 -1000 -10
64 5 pedestrian 0 0 -10 463.57 178.53 475.95 215.14 -10 -10 -10 -100    0 -1000 -1000 -10
64 4 pedestrian 0 0 -10 686.72 184.77 731.64 209.36 -10 -10 -10 -100    0 -1000 -1000 -10
64 3 pedestrian 0 0 -10 654.99 179.91 689.20 210.40 -10 -10 -10 -100    0 -1000 -1000 -10
64 2 pedestrian 0 0 -10 745.19 185.68 763.45 202.14 -10 -10 -10 -100    0 -1000 -1000 -10
65 6 pedestrian 0 0 -10 770.34 181.90 797.64 201.27 -10 -10 -10 -100    0 -1000 -1000 -10
65 5 pedestrian 0 0 -10 460.85 177.90 472.47 215.93 -10 -10 -10 -100    0 -1000 -1000 -10
65 4 pedestrian 0 0 -10 686.60 184.84 732.12 209.53 -10 -10 -10 -100    0 -1000 -1000 -10
65 3 pedestrian 0 0 -10 654.96 179.92 689.13 210.46 -10 -10 -10 -100    0 -1000 -1000 -10
65 2 pedestrian 0 0 -10 744.03 185.66 762.55 202.09 -10 -10 -10 -100    0 -1000 -1000 -10
66 6 pedestrian 0 0 -10 773.49 182.18 801.01 201.16 -10 -10 -10 -100    0 -1000 -1000 -10
66 5 pedestrian 0 0 -10 459.86 178.24 471.73 216.21 -10 -10 -10 -100    0 -1000 -1000 -10
66 4 pedestrian 0 0 -10 687.70 184.77 743.05 209.69 -10 -10 -10 -100    0 -1000 -1000 -10
66 3 pedestrian 0 0 -10 654.98 179.92 689.08 210.44 -10 -10 -10 -100    0 -1000 -1000 -10
66 2 pedestrian 0 0 -10 743.11 185.62 762.40 202.74 -10 -10 -10 -100    0 -1000 -1000 -10
67 6 pedestrian 0 0 -10 775.05 182.44 801.41 201.21 -10 -10 -10 -100    0 -1000 -1000 -10
67 5 pedestrian 0 0 -10 457.48 177.70 468.96 216.13 -10 -10 -10 -100    0 -1000 -1000 -10
67 4 pedestrian 0 0 -10 688.46 184.29 766.97 210.76 -10 -10 -10 -100    0 -1000 -1000 -10
67 3 pedestrian 0 0 -10 654.99 179.85 689.13 210.41 -10 -10 -10 -100    0 -1000 -1000 -10
68 6 pedestrian 0 0 -10 776.01 182.23 801.58 200.93 -10 -10 -10 -100    0 -1000 -1000 -10
68 5 pedestrian 0 0 -10 453.81 177.84 465.96 214.74 -10 -10 -10 -100    0 -1000 -1000 -10
68 4 pedestrian 0 0 -10 688.84 184.08 766.01 210.52 -10 -10 -10 -100    0 -1000 -1000 -10
68 3 pedestrian 0 0 -10 654.83 179.82 688.97 210.47 -10 -10 -10 -100    0 -1000 -1000 -10
69 6 pedestrian 0 0 -10 776.52 182.27 800.97 200.79 -10 -10 -10 -100    0 -1000 -1000 -10
69 5 pedestrian 0 0 -10 451.62 177.93 463.86 214.25 -10 -10 -10 -100    0 -1000 -1000 -10
69 4 pedestrian 0 0 -10 689.92 184.20 767.32 209.92 -10 -10 -10 -100    0 -1000 -1000 -10
69 3 pedestrian 0 0 -10 655.05 179.87 689.12 210.41 -10 -10 -10 -100    0 -1000 -1000 -10
70 5 pedestrian 0 0 -10 448.90 178.06 461.39 214.39 -10 -10 -10 -100    0 -1000 -1000 -10
70 4 pedestrian 0 0 -10 689.89 183.90 767.75 209.91 -10 -10 -10 -100    0 -1000 -1000 -10
70 3 pedestrian 0 0 -10 655.03 179.83 689.04 210.44 -10 -10 -10 -100    0 -1000 -1000 -10
70 6 pedestrian 0 0 -10 778.57 181.94 804.98 200.37 -10 -10 -10 -100    0 -1000 -1000 -10
71 5 pedestrian 0 0 -10 447.34 178.65 459.62 214.10 -10 -10 -10 -100    0 -1000 -1000 -10
71 4 pedestrian 0 0 -10 689.91 183.91 768.51 209.85 -10 -10 -10 -100    0 -1000 -1000 -10
71 3 pedestrian 0 0 -10 655.02 179.88 689.03 210.44 -10 -10 -10 -100    0 -1000 -1000 -10
71 6 pedestrian 0 0 -10 779.33 181.88 803.66 199.86 -10 -10 -10 -100    0 -1000 -1000 -10
72 5 pedestrian 0 0 -10 444.23 178.18 456.40 214.14 -10 -10 -10 -100    0 -1000 -1000 -10
72 4 pedestrian 0 0 -10 688.96 183.78 767.88 210.41 -10 -10 -10 -100    0 -1000 -1000 -10
72 3 pedestrian 0 0 -10 655.04 179.88 688.87 210.38 -10 -10 -10 -100    0 -1000 -1000 -10
72 6 pedestrian 0 0 -10 781.47 181.55 808.45 199.55 -10 -10 -10 -100    0 -1000 -1000 -10
73 5 pedestrian 0 0 -10 441.29 177.23 453.38 213.76 -10 -10 -10 -100    0 -1000 -1000 -10
73 4 pedestrian 0 0 -10 689.10 183.94 767.66 209.84 -10 -10 -10 -100    0 -1000 -1000 -10
73 3 pedestrian 0 0 -10 654.89 179.90 688.71 210.40 -10 -10 -10 -100    0 -1000 -1000 -10
73 6 pedestrian 0 0 -10 779.72 182.74 804.49 200.15 -10 -10 -10 -100    0 -1000 -1000 -10
74 5 pedestrian 0 0 -10 439.03 177.59 451.73 214.19 -10 -10 -10 -100    0 -1000 -1000 -10
74 4 pedestrian 0 0 -10 689.52 183.82 768.00 209.89 -10 -10 -10 -100    0 -1000 -1000 -10
74 3 pedestrian 0 0 -10 654.93 179.88 688.81 210.39 -10 -10 -10 -100    0 -1000 -1000 -10
74 6 pedestrian 0 0 -10 784.22 182.27 813.04 199.87 -10 -10 -10 -100    0 -1000 -1000 -10
75 5 pedestrian 0 0 -10 437.11 177.37 450.35 213.87 -10 -10 -10 -100    0 -1000 -1000 -10
75 4 pedestrian 0 0 -10 689.53 183.80 767.72 209.82 -10 -10 -10 -100    0 -1000 -1000 -10
75 3 pedestrian 0 0 -10 654.85 179.90 688.82 210.46 -10 -10 -10 -100    0 -1000 -1000 -10
75 6 pedestrian 0 0 -10 784.71 182.42 813.22 200.00 -10 -10 -10 -100    0 -1000 -1000 -10
76 5 pedestrian 0 0 -10 435.56 177.46 449.23 213.74 -10 -10 -10 -100    0 -1000 -1000 -10
76 4 pedestrian 0 0 -10 689.20 183.62 768.01 210.25 -10 -10 -10 -100    0 -1000 -1000 -10
76 3 pedestrian 0 0 -10 654.85 179.88 688.98 210.51 -10 -10 -10 -100    0 -1000 -1000 -10
76 6 pedestrian 0 0 -10 786.75 182.22 814.27 199.82 -10 -10 -10 -100    0 -1000 -1000 -10
77 5 pedestrian 0 0 -10 432.32 176.33 445.94 213.29 -10 -10 -10 -100    0 -1000 -1000 -10
77 4 pedestrian 0 0 -10 689.32 183.63 768.18 210.23 -10 -10 -10 -100    0 -1000 -1000 -10
77 3 pedestrian 0 0 -10 654.97 179.90 689.22 210.49 -10 -10 -10 -100    0 -1000 -1000 -10
77 6 pedestrian 0 0 -10 788.45 181.98 816.54 199.66 -10 -10 -10 -100    0 -1000 -1000 -10
